number of nodes: 125 number of edges: 4687
old mod: 0.3284158651826969 new mod: 0.36169160528102295
0	0	9184.0
0	1	307.0
0	2	479.0
0	3	1551.0
0	4	160.0
0	5	15.0
0	6	24.0
0	7	180.0
0	8	17.0
0	9	28.0
0	10	443.0
0	11	44.0
0	12	298.0
0	13	27.0
0	14	814.0
0	15	23.0
0	16	22.0
0	17	234.0
0	18	309.0
0	19	7.0
0	20	7.0
0	21	45.0
0	22	21.0
0	23	32.0
0	24	21.0
0	25	195.0
0	26	20.0
0	27	16.0
0	28	35.0
0	29	33.0
0	30	26.0
0	31	22.0
0	32	8.0
0	33	12.0
0	34	222.0
0	35	3.0
0	36	53.0
0	37	30.0
0	38	16.0
0	39	104.0
0	40	13.0
0	41	13.0
0	42	25.0
0	43	14.0
0	44	18.0
0	45	7.0
0	46	23.0
0	47	24.0
0	48	15.0
0	49	14.0
0	50	4.0
0	51	16.0
0	52	26.0
0	53	21.0
0	54	59.0
0	55	10.0
0	56	8.0
0	57	19.0
0	58	7.0
0	59	24.0
0	60	10.0
0	61	11.0
0	62	15.0
0	63	4.0
0	64	13.0
0	65	10.0
0	66	9.0
0	67	17.0
0	68	11.0
0	69	15.0
0	70	12.0
0	71	5.0
0	72	6.0
0	73	13.0
0	74	9.0
0	75	5.0
0	76	3.0
0	77	4.0
0	78	9.0
0	79	8.0
0	80	15.0
0	81	14.0
0	82	15.0
0	83	4.0
0	84	13.0
0	85	7.0
0	86	12.0
0	87	7.0
0	88	11.0
0	89	3.0
0	90	8.0
0	91	7.0
0	92	4.0
0	93	21.0
0	94	6.0
0	95	5.0
0	96	6.0
0	97	4.0
0	98	15.0
0	99	22.0
0	100	10.0
0	101	2.0
0	102	6.0
0	103	9.0
0	104	5.0
0	105	3.0
0	106	6.0
0	107	13.0
0	108	18.0
0	109	7.0
0	110	4.0
0	111	14.0
0	112	23.0
0	113	2.0
0	114	16.0
0	115	5.0
0	116	5.0
0	117	7.0
0	118	11.0
0	119	13.0
0	120	7.0
0	121	6.0
0	122	2.0
0	123	4.0
0	124	8.0
1	0	307.0
1	1	1184.0
1	2	139.0
1	3	278.0
1	4	38.0
1	5	3.0
1	6	9.0
1	7	37.0
1	8	4.0
1	9	8.0
1	10	104.0
1	11	13.0
1	12	63.0
1	13	3.0
1	14	162.0
1	15	3.0
1	16	8.0
1	17	62.0
1	18	92.0
1	19	1.0
1	20	1.0
1	21	12.0
1	22	4.0
1	23	11.0
1	24	3.0
1	25	45.0
1	26	2.0
1	27	5.0
1	28	9.0
1	29	7.0
1	30	7.0
1	31	4.0
1	32	3.0
1	33	2.0
1	34	43.0
1	35	2.0
1	36	18.0
1	37	8.0
1	38	3.0
1	39	26.0
1	40	5.0
1	41	2.0
1	42	8.0
1	43	5.0
1	44	5.0
1	45	3.0
1	46	5.0
1	47	10.0
1	48	3.0
1	49	3.0
1	51	5.0
1	52	4.0
1	53	4.0
1	54	18.0
1	55	3.0
1	56	1.0
1	57	1.0
1	58	1.0
1	59	3.0
1	60	1.0
1	61	1.0
1	62	1.0
1	64	2.0
1	65	3.0
1	66	3.0
1	67	4.0
1	69	1.0
1	71	2.0
1	72	1.0
1	73	4.0
1	74	2.0
1	75	2.0
1	77	3.0
1	79	1.0
1	80	5.0
1	81	5.0
1	82	3.0
1	83	2.0
1	84	4.0
1	85	3.0
1	86	3.0
1	87	1.0
1	88	4.0
1	89	2.0
1	90	2.0
1	91	1.0
1	92	2.0
1	93	2.0
1	95	2.0
1	96	3.0
1	97	3.0
1	98	8.0
1	99	4.0
1	100	1.0
1	101	2.0
1	102	3.0
1	103	2.0
1	104	1.0
1	106	2.0
1	107	1.0
1	108	1.0
1	109	1.0
1	110	1.0
1	111	2.0
1	112	10.0
1	113	1.0
1	114	5.0
1	115	3.0
1	116	2.0
1	117	3.0
1	119	2.0
1	120	3.0
1	121	2.0
1	122	1.0
1	123	2.0
1	124	3.0
2	0	479.0
2	1	139.0
2	2	2258.0
2	3	486.0
2	4	65.0
2	5	6.0
2	6	8.0
2	7	78.0
2	8	12.0
2	9	16.0
2	10	180.0
2	11	20.0
2	12	98.0
2	13	2.0
2	14	262.0
2	15	10.0
2	16	7.0
2	17	96.0
2	18	156.0
2	19	2.0
2	20	5.0
2	21	17.0
2	22	10.0
2	23	15.0
2	24	2.0
2	25	81.0
2	26	8.0
2	27	9.0
2	28	13.0
2	29	12.0
2	30	13.0
2	31	7.0
2	32	6.0
2	33	6.0
2	34	89.0
2	35	1.0
2	36	27.0
2	37	6.0
2	38	1.0
2	39	45.0
2	40	3.0
2	41	1.0
2	42	12.0
2	43	5.0
2	44	7.0
2	45	4.0
2	46	9.0
2	47	14.0
2	48	1.0
2	49	6.0
2	51	6.0
2	52	10.0
2	53	8.0
2	54	35.0
2	55	4.0
2	56	4.0
2	57	3.0
2	58	3.0
2	59	15.0
2	60	6.0
2	61	5.0
2	62	10.0
2	63	2.0
2	64	5.0
2	65	4.0
2	66	2.0
2	67	4.0
2	68	4.0
2	70	3.0
2	71	4.0
2	72	4.0
2	73	13.0
2	74	3.0
2	75	1.0
2	76	1.0
2	77	1.0
2	78	2.0
2	79	3.0
2	80	2.0
2	81	6.0
2	82	2.0
2	83	2.0
2	84	6.0
2	85	4.0
2	86	6.0
2	88	7.0
2	89	1.0
2	90	2.0
2	91	3.0
2	93	6.0
2	94	3.0
2	95	1.0
2	96	2.0
2	97	3.0
2	98	11.0
2	99	4.0
2	101	1.0
2	102	7.0
2	103	3.0
2	105	1.0
2	106	2.0
2	107	6.0
2	108	3.0
2	109	7.0
2	110	1.0
2	111	3.0
2	112	9.0
2	113	4.0
2	114	7.0
2	115	4.0
2	116	2.0
2	117	2.0
2	118	4.0
2	119	2.0
2	120	3.0
2	121	2.0
2	122	3.0
2	123	5.0
2	124	2.0
3	0	1551.0
3	1	278.0
3	2	486.0
3	3	6104.0
3	4	163.0
3	5	16.0
3	6	19.0
3	7	162.0
3	8	26.0
3	9	27.0
3	10	468.0
3	11	42.0
3	12	252.0
3	13	23.0
3	14	693.0
3	15	21.0
3	16	26.0
3	17	207.0
3	18	300.0
3	19	5.0
3	20	7.0
3	21	43.0
3	22	15.0
3	23	31.0
3	24	13.0
3	25	177.0
3	26	19.0
3	27	19.0
3	28	24.0
3	29	26.0
3	30	25.0
3	31	18.0
3	32	10.0
3	33	11.0
3	34	205.0
3	35	5.0
3	36	57.0
3	37	30.0
3	38	15.0
3	39	94.0
3	40	10.0
3	41	12.0
3	42	21.0
3	43	8.0
3	44	20.0
3	45	8.0
3	46	12.0
3	47	24.0
3	48	11.0
3	49	19.0
3	50	5.0
3	51	18.0
3	52	26.0
3	53	23.0
3	54	62.0
3	55	9.0
3	56	6.0
3	57	11.0
3	58	6.0
3	59	18.0
3	60	4.0
3	61	3.0
3	62	18.0
3	63	6.0
3	64	12.0
3	65	7.0
3	66	8.0
3	67	15.0
3	68	5.0
3	69	8.0
3	70	6.0
3	71	6.0
3	72	6.0
3	73	23.0
3	74	8.0
3	75	3.0
3	76	3.0
3	77	6.0
3	78	3.0
3	79	7.0
3	80	7.0
3	81	14.0
3	82	4.0
3	83	5.0
3	84	15.0
3	85	9.0
3	86	14.0
3	87	4.0
3	88	9.0
3	89	4.0
3	90	7.0
3	91	9.0
3	92	4.0
3	93	17.0
3	94	9.0
3	95	5.0
3	96	9.0
3	97	5.0
3	98	19.0
3	99	16.0
3	100	5.0
3	101	6.0
3	102	16.0
3	103	11.0
3	104	5.0
3	105	3.0
3	106	7.0
3	107	15.0
3	108	11.0
3	109	10.0
3	110	3.0
3	111	3.0
3	112	26.0
3	113	4.0
3	114	9.0
3	115	4.0
3	116	5.0
3	117	4.0
3	118	10.0
3	119	7.0
3	120	8.0
3	121	4.0
3	122	5.0
3	123	8.0
3	124	4.0
4	0	160.0
4	1	38.0
4	2	65.0
4	3	163.0
4	4	624.0
4	5	4.0
4	6	3.0
4	7	15.0
4	8	3.0
4	9	1.0
4	10	57.0
4	11	1.0
4	12	34.0
4	13	3.0
4	14	79.0
4	15	4.0
4	16	2.0
4	17	35.0
4	18	34.0
4	20	2.0
4	21	9.0
4	22	4.0
4	23	5.0
4	24	3.0
4	25	27.0
4	26	3.0
4	27	4.0
4	28	2.0
4	29	4.0
4	30	3.0
4	31	1.0
4	32	1.0
4	34	21.0
4	35	2.0
4	36	7.0
4	37	5.0
4	38	1.0
4	39	9.0
4	40	2.0
4	41	1.0
4	42	5.0
4	43	1.0
4	46	4.0
4	47	2.0
4	48	3.0
4	50	1.0
4	51	3.0
4	52	5.0
4	53	5.0
4	54	6.0
4	57	2.0
4	58	1.0
4	59	3.0
4	61	1.0
4	63	1.0
4	65	1.0
4	66	2.0
4	67	2.0
4	69	1.0
4	71	1.0
4	73	2.0
4	74	1.0
4	75	1.0
4	78	2.0
4	79	1.0
4	80	1.0
4	81	2.0
4	82	1.0
4	83	1.0
4	85	1.0
4	86	1.0
4	90	1.0
4	91	1.0
4	92	1.0
4	93	2.0
4	95	1.0
4	97	1.0
4	99	2.0
4	101	1.0
4	104	1.0
4	105	1.0
4	106	2.0
4	107	3.0
4	108	2.0
4	109	1.0
4	110	1.0
4	111	1.0
4	112	4.0
4	114	1.0
4	117	1.0
4	118	1.0
4	120	1.0
4	123	1.0
4	124	1.0
5	0	15.0
5	1	3.0
5	2	6.0
5	3	16.0
5	4	4.0
5	5	40.0
5	6	1.0
5	7	3.0
5	8	1.0
5	9	1.0
5	10	7.0
5	12	2.0
5	13	1.0
5	14	14.0
5	17	5.0
5	18	6.0
5	19	1.0
5	20	1.0
5	21	1.0
5	22	1.0
5	23	1.0
5	25	5.0
5	28	1.0
5	34	4.0
5	38	1.0
5	39	3.0
5	40	1.0
5	44	1.0
5	47	1.0
5	51	1.0
5	55	1.0
5	62	1.0
5	68	1.0
5	69	1.0
5	73	1.0
5	96	1.0
5	103	1.0
5	105	1.0
5	107	1.0
5	108	2.0
5	109	1.0
5	112	1.0
5	122	1.0
6	0	24.0
6	1	9.0
6	2	8.0
6	3	19.0
6	4	3.0
6	5	1.0
6	6	68.0
6	7	6.0
6	8	1.0
6	10	11.0
6	12	4.0
6	14	13.0
6	15	2.0
6	17	4.0
6	18	6.0
6	21	2.0
6	22	1.0
6	25	3.0
6	28	1.0
6	31	1.0
6	34	3.0
6	36	2.0
6	39	4.0
6	40	2.0
6	41	1.0
6	45	2.0
6	47	1.0
6	52	1.0
6	53	1.0
6	54	1.0
6	69	1.0
6	80	1.0
6	82	1.0
6	83	1.0
6	85	1.0
6	86	1.0
6	93	1.0
6	98	1.0
6	101	1.0
6	102	1.0
6	108	1.0
7	0	180.0
7	1	37.0
7	2	78.0
7	3	162.0
7	4	15.0
7	5	3.0
7	6	6.0
7	7	708.0
7	8	3.0
7	9	5.0
7	10	71.0
7	11	5.0
7	12	32.0
7	13	5.0
7	14	84.0
7	15	2.0
7	17	33.0
7	18	61.0
7	19	2.0
7	20	2.0
7	21	6.0
7	23	7.0
7	24	1.0
7	25	17.0
7	26	1.0
7	27	3.0
7	28	5.0
7	29	3.0
7	30	5.0
7	31	4.0
7	34	25.0
7	36	7.0
7	37	5.0
7	38	1.0
7	39	11.0
7	40	4.0
7	41	1.0
7	42	2.0
7	43	3.0
7	44	5.0
7	46	2.0
7	47	2.0
7	48	2.0
7	49	3.0
7	50	1.0
7	51	4.0
7	52	4.0
7	53	1.0
7	54	12.0
7	55	1.0
7	56	1.0
7	57	1.0
7	58	1.0
7	59	1.0
7	60	1.0
7	62	5.0
7	63	1.0
7	65	2.0
7	67	1.0
7	68	2.0
7	69	1.0
7	70	1.0
7	71	1.0
7	73	4.0
7	75	1.0
7	76	2.0
7	79	1.0
7	80	3.0
7	81	3.0
7	82	1.0
7	84	3.0
7	85	2.0
7	86	2.0
7	88	2.0
7	90	1.0
7	93	1.0
7	94	1.0
7	96	2.0
7	98	3.0
7	99	4.0
7	100	1.0
7	102	2.0
7	103	1.0
7	108	3.0
7	109	3.0
7	112	4.0
7	113	1.0
7	114	2.0
7	115	1.0
7	116	1.0
7	117	1.0
7	118	2.0
7	119	1.0
7	122	1.0
7	124	1.0
8	0	17.0
8	1	4.0
8	2	12.0
8	3	26.0
8	4	3.0
8	5	1.0
8	6	1.0
8	7	3.0
8	8	98.0
8	9	1.0
8	10	7.0
8	12	3.0
8	14	15.0
8	15	1.0
8	17	4.0
8	18	6.0
8	21	1.0
8	22	1.0
8	25	4.0
8	26	1.0
8	28	1.0
8	29	1.0
8	30	2.0
8	31	1.0
8	34	8.0
8	36	1.0
8	38	1.0
8	39	4.0
8	45	1.0
8	46	1.0
8	52	1.0
8	53	1.0
8	55	1.0
8	64	1.0
8	75	1.0
8	82	1.0
8	84	1.0
8	85	1.0
8	91	1.0
8	98	1.0
8	103	2.0
8	109	1.0
8	111	1.0
8	112	1.0
8	114	1.0
8	122	2.0
8	124	1.0
9	0	28.0
9	1	8.0
9	2	16.0
9	3	27.0
9	4	1.0
9	5	1.0
9	7	5.0
9	8	1.0
9	9	82.0
9	10	10.0
9	12	5.0
9	14	7.0
9	16	2.0
9	17	4.0
9	18	4.0
9	21	4.0
9	23	1.0
9	24	1.0
9	25	4.0
9	27	1.0
9	28	3.0
9	29	1.0
9	30	1.0
9	34	3.0
9	36	2.0
9	37	1.0
9	39	2.0
9	43	2.0
9	46	1.0
9	51	2.0
9	54	1.0
9	56	1.0
9	58	1.0
9	61	1.0
9	62	2.0
9	68	1.0
9	72	1.0
9	93	1.0
9	94	1.0
9	97	1.0
9	98	1.0
9	102	1.0
9	112	2.0
9	113	1.0
9	124	1.0
10	0	443.0
10	1	104.0
10	2	180.0
10	3	468.0
10	4	57.0
10	5	7.0
10	6	11.0
10	7	71.0
10	8	7.0
10	9	10.0
10	10	2002.0
10	11	11.0
10	12	123.0
10	13	9.0
10	14	272.0
10	15	7.0
10	16	2.0
10	17	78.0
10	18	144.0
10	19	1.0
10	20	2.0
10	21	17.0
10	22	4.0
10	23	9.0
10	24	2.0
10	25	89.0
10	26	9.0
10	27	8.0
10	28	12.0
10	29	12.0
10	30	17.0
10	31	5.0
10	32	8.0
10	33	5.0
10	34	86.0
10	35	1.0
10	36	21.0
10	37	13.0
10	38	7.0
10	39	39.0
10	40	3.0
10	41	2.0
10	42	9.0
10	43	1.0
10	44	6.0
10	45	2.0
10	46	9.0
10	47	11.0
10	48	4.0
10	49	7.0
10	50	2.0
10	51	10.0
10	52	7.0
10	53	4.0
10	54	19.0
10	55	3.0
10	56	3.0
10	57	4.0
10	58	4.0
10	59	9.0
10	60	3.0
10	61	3.0
10	62	6.0
10	64	3.0
10	65	4.0
10	66	1.0
10	67	5.0
10	68	2.0
10	69	3.0
10	70	4.0
10	71	2.0
10	72	3.0
10	73	3.0
10	74	5.0
10	75	2.0
10	77	3.0
10	78	3.0
10	79	1.0
10	80	1.0
10	81	5.0
10	82	2.0
10	83	4.0
10	84	5.0
10	85	2.0
10	86	4.0
10	87	5.0
10	88	3.0
10	89	1.0
10	91	3.0
10	93	5.0
10	94	5.0
10	95	2.0
10	96	2.0
10	97	1.0
10	98	9.0
10	99	8.0
10	100	2.0
10	101	2.0
10	102	4.0
10	103	2.0
10	104	2.0
10	105	1.0
10	106	2.0
10	107	4.0
10	108	5.0
10	109	3.0
10	111	4.0
10	112	13.0
10	113	1.0
10	114	6.0
10	115	4.0
10	117	2.0
10	118	1.0
10	119	2.0
10	120	3.0
10	121	2.0
10	122	2.0
10	123	4.0
10	124	3.0
11	0	44.0
11	1	13.0
11	2	20.0
11	3	42.0
11	4	1.0
11	7	5.0
11	10	11.0
11	11	120.0
11	12	7.0
11	14	25.0
11	15	2.0
11	17	7.0
11	18	16.0
11	19	1.0
11	21	1.0
11	22	2.0
11	23	2.0
11	25	5.0
11	27	1.0
11	28	1.0
11	29	1.0
11	30	1.0
11	31	2.0
11	32	1.0
11	33	1.0
11	34	9.0
11	36	3.0
11	37	1.0
11	38	2.0
11	39	1.0
11	41	1.0
11	42	2.0
11	44	1.0
11	45	2.0
11	50	1.0
11	51	2.0
11	54	1.0
11	56	1.0
11	63	1.0
11	65	1.0
11	70	1.0
11	73	2.0
11	75	1.0
11	80	1.0
11	81	1.0
11	82	1.0
11	83	1.0
11	84	2.0
11	87	1.0
11	90	1.0
11	105	1.0
11	106	1.0
11	108	1.0
11	109	1.0
11	111	1.0
11	117	1.0
11	121	1.0
12	0	298.0
12	1	63.0
12	2	98.0
12	3	252.0
12	4	34.0
12	5	2.0
12	6	4.0
12	7	32.0
12	8	3.0
12	9	5.0
12	10	123.0
12	11	7.0
12	12	1088.0
12	13	2.0
12	14	138.0
12	15	5.0
12	16	1.0
12	17	61.0
12	18	82.0
12	19	2.0
12	20	1.0
12	21	12.0
12	22	4.0
12	23	5.0
12	24	5.0
12	25	42.0
12	26	3.0
12	27	3.0
12	28	7.0
12	29	7.0
12	30	3.0
12	31	3.0
12	32	5.0
12	33	3.0
12	34	49.0
12	35	3.0
12	36	14.0
12	37	6.0
12	38	3.0
12	39	29.0
12	40	1.0
12	41	3.0
12	42	3.0
12	43	3.0
12	44	5.0
12	45	4.0
12	46	5.0
12	47	6.0
12	48	3.0
12	49	6.0
12	50	2.0
12	51	4.0
12	52	7.0
12	53	5.0
12	54	18.0
12	56	2.0
12	57	7.0
12	58	2.0
12	59	5.0
12	60	1.0
12	61	1.0
12	62	8.0
12	64	3.0
12	65	2.0
12	66	3.0
12	67	5.0
12	68	1.0
12	70	3.0
12	71	1.0
12	72	2.0
12	73	8.0
12	74	5.0
12	76	1.0
12	77	2.0
12	78	2.0
12	81	2.0
12	82	1.0
12	84	2.0
12	86	3.0
12	87	2.0
12	88	3.0
12	89	1.0
12	90	2.0
12	91	2.0
12	93	2.0
12	96	4.0
12	98	4.0
12	99	9.0
12	101	2.0
12	102	5.0
12	103	2.0
12	106	2.0
12	107	3.0
12	108	4.0
12	109	2.0
12	110	1.0
12	111	4.0
12	112	4.0
12	113	2.0
12	114	1.0
12	115	3.0
12	117	2.0
12	118	3.0
12	119	1.0
12	120	2.0
12	121	1.0
12	122	2.0
12	123	1.0
12	124	1.0
13	0	27.0
13	1	3.0
13	2	2.0
13	3	23.0
13	4	3.0
13	5	1.0
13	7	5.0
13	10	9.0
13	12	2.0
13	13	64.0
13	14	16.0
13	15	1.0
13	17	5.0
13	18	5.0
13	23	1.0
13	25	2.0
13	28	1.0
13	34	2.0
13	36	1.0
13	39	2.0
13	42	1.0
13	44	1.0
13	48	1.0
13	51	1.0
13	52	1.0
13	54	1.0
13	56	1.0
13	65	1.0
13	79	1.0
13	96	1.0
13	97	1.0
13	109	1.0
13	110	1.0
14	0	814.0
14	1	162.0
14	2	262.0
14	3	693.0
14	4	79.0
14	5	14.0
14	6	13.0
14	7	84.0
14	8	15.0
14	9	7.0
14	10	272.0
14	11	25.0
14	12	138.0
14	13	16.0
14	14	3198.0
14	15	11.0
14	16	10.0
14	17	121.0
14	18	207.0
14	19	4.0
14	20	4.0
14	21	21.0
14	22	9.0
14	23	18.0
14	24	6.0
14	25	96.0
14	26	6.0
14	27	12.0
14	28	18.0
14	29	15.0
14	30	14.0
14	31	6.0
14	32	8.0
14	33	3.0
14	34	108.0
14	35	1.0
14	36	36.0
14	37	12.0
14	38	5.0
14	39	53.0
14	40	10.0
14	41	7.0
14	42	15.0
14	43	4.0
14	44	8.0
14	45	7.0
14	46	10.0
14	47	14.0
14	48	5.0
14	49	11.0
14	50	2.0
14	51	5.0
14	52	8.0
14	53	10.0
14	54	39.0
14	55	3.0
14	56	5.0
14	57	13.0
14	58	3.0
14	59	15.0
14	60	5.0
14	61	4.0
14	62	9.0
14	63	2.0
14	64	8.0
14	65	4.0
14	66	7.0
14	67	10.0
14	68	6.0
14	69	10.0
14	70	2.0
14	71	4.0
14	72	1.0
14	73	11.0
14	74	8.0
14	75	3.0
14	76	3.0
14	77	4.0
14	78	2.0
14	79	3.0
14	80	3.0
14	81	8.0
14	82	8.0
14	83	5.0
14	84	7.0
14	85	9.0
14	86	8.0
14	87	3.0
14	88	7.0
14	89	3.0
14	90	2.0
14	91	2.0
14	92	2.0
14	93	12.0
14	94	5.0
14	95	2.0
14	96	4.0
14	97	3.0
14	98	10.0
14	99	10.0
14	100	4.0
14	101	4.0
14	102	7.0
14	103	6.0
14	104	3.0
14	105	2.0
14	106	3.0
14	107	4.0
14	108	6.0
14	109	4.0
14	110	1.0
14	111	5.0
14	112	16.0
14	113	3.0
14	114	4.0
14	115	4.0
14	117	2.0
14	118	4.0
14	119	6.0
14	120	2.0
14	121	2.0
14	122	5.0
14	123	5.0
14	124	3.0
15	0	23.0
15	1	3.0
15	2	10.0
15	3	21.0
15	4	4.0
15	6	2.0
15	7	2.0
15	8	1.0
15	10	7.0
15	11	2.0
15	12	5.0
15	13	1.0
15	14	11.0
15	15	58.0
15	17	4.0
15	18	6.0
15	19	1.0
15	21	1.0
15	25	4.0
15	26	1.0
15	29	1.0
15	34	5.0
15	36	1.0
15	37	2.0
15	39	2.0
15	42	1.0
15	51	1.0
15	54	2.0
15	57	1.0
15	60	1.0
15	78	1.0
15	80	1.0
15	85	1.0
15	91	1.0
15	102	1.0
15	109	1.0
15	118	1.0
15	122	1.0
15	123	1.0
15	124	1.0
16	0	22.0
16	1	8.0
16	2	7.0
16	3	26.0
16	4	2.0
16	9	2.0
16	10	2.0
16	12	1.0
16	14	10.0
16	16	60.0
16	17	3.0
16	18	3.0
16	21	1.0
16	22	2.0
16	25	5.0
16	33	1.0
16	34	1.0
16	36	1.0
16	37	2.0
16	39	1.0
16	40	1.0
16	41	1.0
16	44	1.0
16	52	1.0
16	53	1.0
16	54	1.0
16	59	1.0
16	68	1.0
16	73	1.0
16	92	1.0
16	97	1.0
16	98	2.0
16	107	1.0
17	0	234.0
17	1	62.0
17	2	96.0
17	3	207.0
17	4	35.0
17	5	5.0
17	6	4.0
17	7	33.0
17	8	4.0
17	9	4.0
17	10	78.0
17	11	7.0
17	12	61.0
17	13	5.0
17	14	121.0
17	15	4.0
17	16	3.0
17	17	884.0
17	18	51.0
17	19	1.0
17	21	2.0
17	22	4.0
17	23	5.0
17	24	2.0
17	25	39.0
17	26	6.0
17	27	2.0
17	28	6.0
17	29	9.0
17	30	5.0
17	31	3.0
17	32	3.0
17	33	2.0
17	34	41.0
17	35	1.0
17	36	14.0
17	37	6.0
17	38	3.0
17	39	22.0
17	41	3.0
17	42	5.0
17	43	1.0
17	44	2.0
17	45	5.0
17	46	3.0
17	47	4.0
17	49	3.0
17	51	5.0
17	52	4.0
17	53	2.0
17	54	10.0
17	55	2.0
17	56	1.0
17	57	5.0
17	58	3.0
17	61	1.0
17	62	4.0
17	63	2.0
17	64	1.0
17	65	1.0
17	66	1.0
17	67	3.0
17	71	1.0
17	72	2.0
17	73	3.0
17	74	2.0
17	78	1.0
17	79	1.0
17	80	1.0
17	81	2.0
17	83	2.0
17	84	3.0
17	85	4.0
17	86	2.0
17	87	2.0
17	88	3.0
17	89	3.0
17	90	1.0
17	91	1.0
17	92	2.0
17	93	1.0
17	94	2.0
17	96	3.0
17	97	2.0
17	98	4.0
17	99	4.0
17	102	3.0
17	103	1.0
17	104	1.0
17	106	1.0
17	107	2.0
17	108	3.0
17	109	4.0
17	112	7.0
17	113	1.0
17	114	1.0
17	115	2.0
17	116	1.0
17	117	1.0
17	118	2.0
17	120	1.0
17	123	1.0
17	124	1.0
18	0	309.0
18	1	92.0
18	2	156.0
18	3	300.0
18	4	34.0
18	5	6.0
18	6	6.0
18	7	61.0
18	8	6.0
18	9	4.0
18	10	144.0
18	11	16.0
18	12	82.0
18	13	5.0
18	14	207.0
18	15	6.0
18	16	3.0
18	17	51.0
18	18	1502.0
18	19	1.0
18	20	1.0
18	21	7.0
18	22	4.0
18	23	10.0
18	24	2.0
18	25	61.0
18	26	2.0
18	27	8.0
18	28	3.0
18	29	10.0
18	30	4.0
18	31	7.0
18	32	2.0
18	33	2.0
18	34	58.0
18	35	1.0
18	36	17.0
18	37	4.0
18	38	8.0
18	39	44.0
18	40	4.0
18	41	2.0
18	42	12.0
18	43	2.0
18	44	7.0
18	45	6.0
18	46	7.0
18	47	12.0
18	48	2.0
18	49	4.0
18	51	4.0
18	52	4.0
18	53	5.0
18	54	19.0
18	55	1.0
18	57	5.0
18	58	1.0
18	59	6.0
18	60	2.0
18	61	3.0
18	62	6.0
18	63	1.0
18	64	2.0
18	65	3.0
18	66	2.0
18	67	5.0
18	68	3.0
18	69	1.0
18	70	1.0
18	72	3.0
18	73	12.0
18	77	2.0
18	78	2.0
18	80	1.0
18	81	5.0
18	82	3.0
18	83	2.0
18	84	8.0
18	85	2.0
18	86	2.0
18	87	2.0
18	88	6.0
18	90	2.0
18	91	3.0
18	92	2.0
18	93	5.0
18	94	3.0
18	95	1.0
18	96	1.0
18	97	2.0
18	98	10.0
18	99	8.0
18	101	2.0
18	102	3.0
18	103	4.0
18	105	2.0
18	106	2.0
18	107	1.0
18	109	4.0
18	110	1.0
18	112	5.0
18	113	3.0
18	114	5.0
18	115	3.0
18	116	1.0
18	117	1.0
18	118	5.0
18	119	3.0
18	120	1.0
18	121	1.0
18	122	2.0
18	123	1.0
18	124	4.0
19	0	7.0
19	1	1.0
19	2	2.0
19	3	5.0
19	5	1.0
19	7	2.0
19	10	1.0
19	11	1.0
19	12	2.0
19	14	4.0
19	15	1.0
19	17	1.0
19	18	1.0
19	19	12.0
19	22	1.0
19	25	2.0
19	29	1.0
19	39	1.0
19	40	1.0
19	49	1.0
19	57	1.0
19	65	1.0
19	81	1.0
19	110	1.0
20	0	7.0
20	1	1.0
20	2	5.0
20	3	7.0
20	4	2.0
20	5	1.0
20	7	2.0
20	10	2.0
20	12	1.0
20	14	4.0
20	18	1.0
20	20	10.0
20	25	2.0
20	28	1.0
20	33	1.0
20	34	2.0
20	39	1.0
20	42	1.0
20	89	1.0
20	118	1.0
21	0	45.0
21	1	12.0
21	2	17.0
21	3	43.0
21	4	9.0
21	5	1.0
21	6	2.0
21	7	6.0
21	8	1.0
21	9	4.0
21	10	17.0
21	11	1.0
21	12	12.0
21	14	21.0
21	15	1.0
21	16	1.0
21	17	2.0
21	18	7.0
21	21	118.0
21	25	7.0
21	26	1.0
21	27	1.0
21	28	2.0
21	29	1.0
21	30	2.0
21	31	1.0
21	34	6.0
21	38	1.0
21	39	3.0
21	42	2.0
21	44	1.0
21	46	1.0
21	47	1.0
21	49	1.0
21	52	1.0
21	53	3.0
21	54	3.0
21	65	1.0
21	73	1.0
21	84	2.0
21	93	1.0
21	98	3.0
21	99	1.0
21	107	3.0
21	108	1.0
21	111	1.0
21	113	1.0
21	114	1.0
21	116	1.0
21	120	1.0
21	122	1.0
22	0	21.0
22	1	4.0
22	2	10.0
22	3	15.0
22	4	4.0
22	5	1.0
22	6	1.0
22	8	1.0
22	10	4.0
22	11	2.0
22	12	4.0
22	14	9.0
22	16	2.0
22	17	4.0
22	18	4.0
22	19	1.0
22	22	54.0
22	28	1.0
22	30	2.0
22	34	2.0
22	39	1.0
22	41	1.0
22	47	1.0
22	49	1.0
22	52	1.0
22	54	2.0
22	57	2.0
22	58	1.0
22	62	1.0
22	64	1.0
22	74	1.0
22	85	1.0
22	86	1.0
22	90	1.0
22	93	1.0
22	95	1.0
22	96	1.0
22	103	1.0
22	108	1.0
22	110	1.0
22	112	1.0
23	0	32.0
23	1	11.0
23	2	15.0
23	3	31.0
23	4	5.0
23	5	1.0
23	7	7.0
23	9	1.0
23	10	9.0
23	11	2.0
23	12	5.0
23	13	1.0
23	14	18.0
23	17	5.0
23	18	10.0
23	23	114.0
23	24	1.0
23	25	1.0
23	27	1.0
23	29	1.0
23	30	3.0
23	31	1.0
23	34	5.0
23	36	1.0
23	39	2.0
23	40	1.0
23	42	2.0
23	45	2.0
23	46	1.0
23	49	1.0
23	51	1.0
23	52	1.0
23	53	1.0
23	54	1.0
23	58	1.0
23	59	2.0
23	62	1.0
23	65	1.0
23	73	1.0
23	80	1.0
23	84	1.0
23	93	2.0
23	95	1.0
23	96	1.0
23	99	1.0
23	102	1.0
23	109	1.0
23	111	1.0
23	112	1.0
23	114	1.0
23	118	1.0
23	119	1.0
24	0	21.0
24	1	3.0
24	2	2.0
24	3	13.0
24	4	3.0
24	7	1.0
24	9	1.0
24	10	2.0
24	12	5.0
24	14	6.0
24	17	2.0
24	18	2.0
24	23	1.0
24	24	42.0
24	25	1.0
24	28	1.0
24	33	1.0
24	34	1.0
24	39	1.0
24	44	1.0
24	54	1.0
24	83	1.0
24	94	1.0
25	0	195.0
25	1	45.0
25	2	81.0
25	3	177.0
25	4	27.0
25	5	5.0
25	6	3.0
25	7	17.0
25	8	4.0
25	9	4.0
25	10	89.0
25	11	5.0
25	12	42.0
25	13	2.0
25	14	96.0
25	15	4.0
25	16	5.0
25	17	39.0
25	18	61.0
25	19	2.0
25	20	2.0
25	21	7.0
25	23	1.0
25	24	1.0
25	25	806.0
25	26	1.0
25	27	5.0
25	28	2.0
25	29	5.0
25	30	4.0
25	31	1.0
25	32	2.0
25	33	1.0
25	34	38.0
25	35	2.0
25	36	7.0
25	37	3.0
25	38	3.0
25	39	13.0
25	40	2.0
25	42	1.0
25	43	1.0
25	44	5.0
25	45	3.0
25	46	1.0
25	47	7.0
25	48	1.0
25	49	2.0
25	50	1.0
25	51	3.0
25	52	6.0
25	53	3.0
25	54	18.0
25	55	1.0
25	56	1.0
25	57	2.0
25	58	2.0
25	59	6.0
25	60	5.0
25	61	3.0
25	62	7.0
25	63	1.0
25	65	2.0
25	66	1.0
25	67	1.0
25	68	1.0
25	69	1.0
25	70	2.0
25	71	1.0
25	73	5.0
25	74	2.0
25	75	1.0
25	76	1.0
25	77	2.0
25	78	1.0
25	79	3.0
25	80	1.0
25	81	2.0
25	82	5.0
25	83	1.0
25	84	4.0
25	86	1.0
25	88	2.0
25	89	1.0
25	91	2.0
25	92	1.0
25	93	3.0
25	94	2.0
25	97	1.0
25	98	3.0
25	99	1.0
25	100	2.0
25	102	4.0
25	103	1.0
25	107	4.0
25	109	1.0
25	110	1.0
25	111	2.0
25	112	7.0
25	113	1.0
25	114	1.0
25	115	1.0
25	116	2.0
25	117	2.0
25	119	2.0
25	120	1.0
25	121	1.0
25	122	2.0
25	123	2.0
25	124	1.0
26	0	20.0
26	1	2.0
26	2	8.0
26	3	19.0
26	4	3.0
26	7	1.0
26	8	1.0
26	10	9.0
26	12	3.0
26	14	6.0
26	15	1.0
26	17	6.0
26	18	2.0
26	21	1.0
26	25	1.0
26	26	56.0
26	28	1.0
26	30	1.0
26	31	2.0
26	34	3.0
26	36	1.0
26	37	1.0
26	39	1.0
26	41	1.0
26	43	1.0
26	44	1.0
26	51	2.0
26	52	1.0
26	53	1.0
26	57	1.0
26	59	1.0
26	60	1.0
26	81	1.0
26	82	1.0
26	85	2.0
26	99	1.0
26	102	1.0
27	0	16.0
27	1	5.0
27	2	9.0
27	3	19.0
27	4	4.0
27	7	3.0
27	9	1.0
27	10	8.0
27	11	1.0
27	12	3.0
27	14	12.0
27	17	2.0
27	18	8.0
27	21	1.0
27	23	1.0
27	25	5.0
27	27	54.0
27	30	2.0
27	34	5.0
27	38	2.0
27	39	1.0
27	42	2.0
27	51	1.0
27	55	2.0
27	56	1.0
27	62	1.0
27	63	1.0
27	64	1.0
27	73	1.0
27	81	1.0
27	83	1.0
27	93	1.0
27	103	1.0
27	118	1.0
28	0	35.0
28	1	9.0
28	2	13.0
28	3	24.0
28	4	2.0
28	5	1.0
28	6	1.0
28	7	5.0
28	8	1.0
28	9	3.0
28	10	12.0
28	11	1.0
28	12	7.0
28	13	1.0
28	14	18.0
28	17	6.0
28	18	3.0
28	20	1.0
28	21	2.0
28	22	1.0
28	24	1.0
28	25	2.0
28	26	1.0
28	28	108.0
28	29	1.0
28	31	1.0
28	33	1.0
28	34	9.0
28	36	1.0
28	39	1.0
28	40	1.0
28	43	2.0
28	47	2.0
28	52	1.0
28	53	1.0
28	54	1.0
28	57	2.0
28	64	1.0
28	67	1.0
28	79	1.0
28	80	1.0
28	82	1.0
28	83	2.0
28	89	1.0
28	90	1.0
28	94	1.0
28	98	1.0
28	99	2.0
28	102	1.0
28	112	1.0
28	114	1.0
29	0	33.0
29	1	7.0
29	2	12.0
29	3	26.0
29	4	4.0
29	7	3.0
29	8	1.0
29	9	1.0
29	10	12.0
29	11	1.0
29	12	7.0
29	14	15.0
29	15	1.0
29	17	9.0
29	18	10.0
29	19	1.0
29	21	1.0
29	23	1.0
29	25	5.0
29	28	1.0
29	29	104.0
29	30	1.0
29	34	7.0
29	36	2.0
29	37	2.0
29	39	3.0
29	42	1.0
29	43	1.0
29	47	1.0
29	52	1.0
29	56	1.0
29	62	1.0
29	69	1.0
29	74	3.0
29	81	1.0
29	84	1.0
29	86	2.0
29	87	1.0
29	93	1.0
29	98	1.0
29	100	1.0
29	121	1.0
29	123	2.0
30	0	26.0
30	1	7.0
30	2	13.0
30	3	25.0
30	4	3.0
30	7	5.0
30	8	2.0
30	9	1.0
30	10	17.0
30	11	1.0
30	12	3.0
30	14	14.0
30	17	5.0
30	18	4.0
30	21	2.0
30	22	2.0
30	23	3.0
30	25	4.0
30	26	1.0
30	27	2.0
30	29	1.0
30	30	70.0
30	31	2.0
30	33	1.0
30	34	8.0
30	36	1.0
30	39	3.0
30	42	1.0
30	44	1.0
30	45	1.0
30	51	1.0
30	54	2.0
30	55	1.0
30	60	1.0
30	61	1.0
30	64	1.0
30	71	1.0
30	72	1.0
30	78	1.0
30	79	1.0
30	80	1.0
30	83	1.0
30	84	1.0
30	91	1.0
30	100	1.0
31	0	22.0
31	1	4.0
31	2	7.0
31	3	18.0
31	4	1.0
31	6	1.0
31	7	4.0
31	8	1.0
31	10	5.0
31	11	2.0
31	12	3.0
31	14	6.0
31	17	3.0
31	18	7.0
31	21	1.0
31	23	1.0
31	25	1.0
31	26	2.0
31	28	1.0
31	30	2.0
31	31	58.0
31	34	3.0
31	36	1.0
31	39	2.0
31	43	1.0
31	46	1.0
31	49	1.0
31	54	1.0
31	59	1.0
31	62	1.0
31	64	1.0
31	71	1.0
31	96	1.0
31	108	1.0
31	112	1.0
32	0	8.0
32	1	3.0
32	2	6.0
32	3	10.0
32	4	1.0
32	10	8.0
32	11	1.0
32	12	5.0
32	14	8.0
32	17	3.0
32	18	2.0
32	25	2.0
32	32	40.0
32	34	4.0
32	36	1.0
32	37	1.0
32	39	1.0
32	45	1.0
32	50	1.0
32	52	1.0
32	61	1.0
32	73	1.0
32	104	1.0
33	0	12.0
33	1	2.0
33	2	6.0
33	3	11.0
33	10	5.0
33	11	1.0
33	12	3.0
33	14	3.0
33	16	1.0
33	17	2.0
33	18	2.0
33	20	1.0
33	24	1.0
33	25	1.0
33	28	1.0
33	30	1.0
33	33	30.0
33	34	2.0
33	37	1.0
33	46	1.0
33	55	1.0
33	59	1.0
33	69	1.0
33	70	1.0
33	97	1.0
33	112	1.0
33	120	1.0
34	0	222.0
34	1	43.0
34	2	89.0
34	3	205.0
34	4	21.0
34	5	4.0
34	6	3.0
34	7	25.0
34	8	8.0
34	9	3.0
34	10	86.0
34	11	9.0
34	12	49.0
34	13	2.0
34	14	108.0
34	15	5.0
34	16	1.0
34	17	41.0
34	18	58.0
34	20	2.0
34	21	6.0
34	22	2.0
34	23	5.0
34	24	1.0
34	25	38.0
34	26	3.0
34	27	5.0
34	28	9.0
34	29	7.0
34	30	8.0
34	31	3.0
34	32	4.0
34	33	2.0
34	34	892.0
34	35	1.0
34	36	11.0
34	37	4.0
34	38	2.0
34	39	24.0
34	40	3.0
34	42	9.0
34	43	1.0
34	44	5.0
34	45	3.0
34	46	1.0
34	47	7.0
34	49	3.0
34	51	4.0
34	52	6.0
34	53	3.0
34	54	16.0
34	55	2.0
34	56	1.0
34	57	3.0
34	59	5.0
34	60	1.0
34	62	4.0
34	64	3.0
34	65	1.0
34	66	3.0
34	67	1.0
34	69	2.0
34	70	2.0
34	72	1.0
34	73	2.0
34	74	3.0
34	75	1.0
34	76	1.0
34	77	2.0
34	79	2.0
34	80	1.0
34	81	2.0
34	82	3.0
34	83	2.0
34	84	3.0
34	85	5.0
34	86	1.0
34	87	1.0
34	88	2.0
34	89	1.0
34	90	2.0
34	91	1.0
34	93	3.0
34	94	1.0
34	95	1.0
34	97	2.0
34	98	5.0
34	99	1.0
34	101	2.0
34	102	2.0
34	103	3.0
34	106	1.0
34	107	3.0
34	108	2.0
34	109	2.0
34	111	2.0
34	112	8.0
34	114	2.0
34	115	2.0
34	118	2.0
34	122	3.0
35	0	3.0
35	1	2.0
35	2	1.0
35	3	5.0
35	4	2.0
35	10	1.0
35	12	3.0
35	14	1.0
35	17	1.0
35	18	1.0
35	25	2.0
35	34	1.0
35	35	12.0
35	36	2.0
35	39	1.0
35	58	1.0
35	62	1.0
35	78	1.0
36	0	53.0
36	1	18.0
36	2	27.0
36	3	57.0
36	4	7.0
36	6	2.0
36	7	7.0
36	8	1.0
36	9	2.0
36	10	21.0
36	11	3.0
36	12	14.0
36	13	1.0
36	14	36.0
36	15	1.0
36	16	1.0
36	17	14.0
36	18	17.0
36	23	1.0
36	25	7.0
36	26	1.0
36	28	1.0
36	29	2.0
36	30	1.0
36	31	1.0
36	32	1.0
36	34	11.0
36	35	2.0
36	36	232.0
36	37	1.0
36	39	5.0
36	40	1.0
36	41	2.0
36	42	1.0
36	44	3.0
36	48	1.0
36	49	1.0
36	51	1.0
36	52	1.0
36	54	5.0
36	55	1.0
36	57	1.0
36	60	1.0
36	62	1.0
36	64	2.0
36	69	2.0
36	70	2.0
36	80	1.0
36	81	2.0
36	82	1.0
36	88	1.0
36	91	1.0
36	96	2.0
36	99	1.0
36	102	1.0
36	112	1.0
36	116	1.0
36	118	1.0
36	119	1.0
36	124	1.0
37	0	30.0
37	1	8.0
37	2	6.0
37	3	30.0
37	4	5.0
37	7	5.0
37	9	1.0
37	10	13.0
37	11	1.0
37	12	6.0
37	14	12.0
37	15	2.0
37	16	2.0
37	17	6.0
37	18	4.0
37	25	3.0
37	26	1.0
37	29	2.0
37	32	1.0
37	33	1.0
37	34	4.0
37	36	1.0
37	37	88.0
37	38	3.0
37	39	2.0
37	42	2.0
37	43	1.0
37	46	1.0
37	47	1.0
37	48	1.0
37	49	1.0
37	50	1.0
37	51	1.0
37	52	1.0
37	53	1.0
37	54	2.0
37	56	1.0
37	62	1.0
37	64	1.0
37	67	2.0
37	68	1.0
37	70	1.0
37	81	1.0
37	82	1.0
37	87	1.0
37	88	1.0
37	91	1.0
37	96	1.0
37	100	1.0
37	103	1.0
37	104	1.0
37	110	1.0
37	112	1.0
37	120	1.0
37	121	1.0
38	0	16.0
38	1	3.0
38	2	1.0
38	3	15.0
38	4	1.0
38	5	1.0
38	7	1.0
38	8	1.0
38	10	7.0
38	11	2.0
38	12	3.0
38	14	5.0
38	17	3.0
38	18	8.0
38	21	1.0
38	25	3.0
38	27	2.0
38	34	2.0
38	37	3.0
38	38	46.0
38	53	1.0
38	54	1.0
38	62	1.0
38	65	1.0
38	69	1.0
38	96	1.0
39	0	104.0
39	1	26.0
39	2	45.0
39	3	94.0
39	4	9.0
39	5	3.0
39	6	4.0
39	7	11.0
39	8	4.0
39	9	2.0
39	10	39.0
39	11	1.0
39	12	29.0
39	13	2.0
39	14	53.0
39	15	2.0
39	16	1.0
39	17	22.0
39	18	44.0
39	19	1.0
39	20	1.0
39	21	3.0
39	22	1.0
39	23	2.0
39	24	1.0
39	25	13.0
39	26	1.0
39	27	1.0
39	28	1.0
39	29	3.0
39	30	3.0
39	31	2.0
39	32	1.0
39	34	24.0
39	35	1.0
39	36	5.0
39	37	2.0
39	39	406.0
39	42	5.0
39	45	1.0
39	46	3.0
39	47	3.0
39	49	1.0
39	50	1.0
39	51	1.0
39	52	2.0
39	54	5.0
39	55	1.0
39	57	3.0
39	59	1.0
39	64	1.0
39	71	1.0
39	75	1.0
39	81	1.0
39	85	1.0
39	86	1.0
39	91	1.0
39	92	1.0
39	94	1.0
39	96	1.0
39	98	1.0
39	99	1.0
39	102	1.0
39	103	1.0
39	104	1.0
39	107	2.0
39	108	1.0
39	110	1.0
39	112	3.0
39	118	1.0
39	119	1.0
39	121	1.0
39	122	1.0
39	124	1.0
40	0	13.0
40	1	5.0
40	2	3.0
40	3	10.0
40	4	2.0
40	5	1.0
40	6	2.0
40	7	4.0
40	10	3.0
40	12	1.0
40	14	10.0
40	16	1.0
40	18	4.0
40	19	1.0
40	23	1.0
40	25	2.0
40	28	1.0
40	34	3.0
40	36	1.0
40	40	38.0
40	49	1.0
40	50	1.0
40	53	1.0
40	57	1.0
40	83	1.0
40	91	1.0
40	96	1.0
40	102	1.0
41	0	13.0
41	1	2.0
41	2	1.0
41	3	12.0
41	4	1.0
41	6	1.0
41	7	1.0
41	10	2.0
41	11	1.0
41	12	3.0
41	14	7.0
41	16	1.0
41	17	3.0
41	18	2.0
41	22	1.0
41	26	1.0
41	36	2.0
41	41	22.0
41	49	1.0
41	53	1.0
41	56	1.0
41	69	1.0
41	72	1.0
41	103	1.0
41	107	1.0
42	0	25.0
42	1	8.0
42	2	12.0
42	3	21.0
42	4	5.0
42	7	2.0
42	10	9.0
42	11	2.0
42	12	3.0
42	13	1.0
42	14	15.0
42	15	1.0
42	17	5.0
42	18	12.0
42	20	1.0
42	21	2.0
42	23	2.0
42	25	1.0
42	27	2.0
42	29	1.0
42	30	1.0
42	34	9.0
42	36	1.0
42	37	2.0
42	39	5.0
42	42	66.0
42	52	1.0
42	53	1.0
42	54	1.0
42	57	1.0
42	60	1.0
42	70	1.0
42	81	1.0
42	84	1.0
42	85	1.0
42	90	1.0
42	91	1.0
42	93	2.0
42	109	1.0
42	111	2.0
42	114	1.0
43	0	14.0
43	1	5.0
43	2	5.0
43	3	8.0
43	4	1.0
43	7	3.0
43	9	2.0
43	10	1.0
43	12	3.0
43	14	4.0
43	17	1.0
43	18	2.0
43	25	1.0
43	26	1.0
43	28	2.0
43	29	1.0
43	31	1.0
43	34	1.0
43	37	1.0
43	43	36.0
43	44	1.0
43	52	1.0
43	54	1.0
43	67	1.0
43	100	1.0
43	112	1.0
44	0	18.0
44	1	5.0
44	2	7.0
44	3	20.0
44	5	1.0
44	7	5.0
44	10	6.0
44	11	1.0
44	12	5.0
44	13	1.0
44	14	8.0
44	16	1.0
44	17	2.0
44	18	7.0
44	21	1.0
44	24	1.0
44	25	5.0
44	26	1.0
44	30	1.0
44	34	5.0
44	36	3.0
44	43	1.0
44	44	50.0
44	49	1.0
44	51	1.0
44	56	1.0
44	62	1.0
44	84	1.0
44	87	1.0
44	100	1.0
44	113	1.0
44	124	1.0
45	0	7.0
45	1	3.0
45	2	4.0
45	3	8.0
45	6	2.0
45	8	1.0
45	10	2.0
45	11	2.0
45	12	4.0
45	14	7.0
45	17	5.0
45	18	6.0
45	23	2.0
45	25	3.0
45	30	1.0
45	32	1.0
45	34	3.0
45	39	1.0
45	45	32.0
45	48	1.0
45	62	1.0
45	65	1.0
45	70	1.0
45	112	1.0
46	0	23.0
46	1	5.0
46	2	9.0
46	3	12.0
46	4	4.0
46	7	2.0
46	8	1.0
46	9	1.0
46	10	9.0
46	12	5.0
46	14	10.0
46	17	3.0
46	18	7.0
46	21	1.0
46	23	1.0
46	25	1.0
46	31	1.0
46	33	1.0
46	34	1.0
46	37	1.0
46	39	3.0
46	46	62.0
46	50	1.0
46	52	1.0
46	54	1.0
46	61	1.0
46	65	1.0
46	72	1.0
46	75	1.0
46	81	1.0
46	84	1.0
46	85	1.0
46	94	1.0
46	98	3.0
46	99	1.0
46	102	1.0
46	103	1.0
46	110	1.0
46	116	1.0
46	118	2.0
47	0	24.0
47	1	10.0
47	2	14.0
47	3	24.0
47	4	2.0
47	5	1.0
47	6	1.0
47	7	2.0
47	10	11.0
47	12	6.0
47	14	14.0
47	17	4.0
47	18	12.0
47	21	1.0
47	22	1.0
47	25	7.0
47	28	2.0
47	29	1.0
47	34	7.0
47	37	1.0
47	39	3.0
47	47	106.0
47	48	1.0
47	51	1.0
47	52	2.0
47	53	1.0
47	54	1.0
47	59	1.0
47	69	1.0
47	73	1.0
47	77	1.0
47	82	1.0
47	84	2.0
47	85	1.0
47	86	2.0
47	90	1.0
47	91	1.0
47	93	1.0
47	94	1.0
47	98	2.0
47	99	2.0
47	103	1.0
47	112	1.0
47	114	1.0
47	118	1.0
47	119	1.0
48	0	15.0
48	1	3.0
48	2	1.0
48	3	11.0
48	4	3.0
48	7	2.0
48	10	4.0
48	12	3.0
48	13	1.0
48	14	5.0
48	18	2.0
48	25	1.0
48	36	1.0
48	37	1.0
48	45	1.0
48	47	1.0
48	48	38.0
48	54	1.0
48	57	1.0
48	62	1.0
48	81	1.0
49	0	14.0
49	1	3.0
49	2	6.0
49	3	19.0
49	7	3.0
49	10	7.0
49	12	6.0
49	14	11.0
49	17	3.0
49	18	4.0
49	19	1.0
49	21	1.0
49	22	1.0
49	23	1.0
49	25	2.0
49	31	1.0
49	34	3.0
49	36	1.0
49	37	1.0
49	39	1.0
49	40	1.0
49	41	1.0
49	44	1.0
49	49	68.0
49	50	1.0
49	52	1.0
49	53	1.0
49	54	1.0
49	55	1.0
49	67	1.0
49	78	1.0
49	80	1.0
49	82	1.0
49	87	1.0
49	91	1.0
49	92	1.0
49	112	1.0
49	114	1.0
49	118	1.0
50	0	4.0
50	3	5.0
50	4	1.0
50	7	1.0
50	10	2.0
50	11	1.0
50	12	2.0
50	14	2.0
50	25	1.0
50	32	1.0
50	37	1.0
50	39	1.0
50	40	1.0
50	46	1.0
50	49	1.0
50	50	12.0
50	58	1.0
50	62	1.0
50	73	1.0
51	0	16.0
51	1	5.0
51	2	6.0
51	3	18.0
51	4	3.0
51	5	1.0
51	7	4.0
51	9	2.0
51	10	10.0
51	11	2.0
51	12	4.0
51	13	1.0
51	14	5.0
51	15	1.0
51	17	5.0
51	18	4.0
51	23	1.0
51	25	3.0
51	26	2.0
51	27	1.0
51	30	1.0
51	34	4.0
51	36	1.0
51	37	1.0
51	39	1.0
51	44	1.0
51	47	1.0
51	51	50.0
51	53	1.0
51	112	1.0
52	0	26.0
52	1	4.0
52	2	10.0
52	3	26.0
52	4	5.0
52	6	1.0
52	7	4.0
52	8	1.0
52	10	7.0
52	12	7.0
52	13	1.0
52	14	8.0
52	16	1.0
52	17	4.0
52	18	4.0
52	21	1.0
52	22	1.0
52	23	1.0
52	25	6.0
52	26	1.0
52	28	1.0
52	29	1.0
52	32	1.0
52	34	6.0
52	36	1.0
52	37	1.0
52	39	2.0
52	42	1.0
52	43	1.0
52	46	1.0
52	47	2.0
52	49	1.0
52	52	90.0
52	53	1.0
52	54	1.0
52	56	1.0
52	58	1.0
52	59	1.0
52	64	1.0
52	74	1.0
52	81	1.0
52	86	1.0
52	91	1.0
52	97	1.0
52	99	1.0
52	108	1.0
52	113	1.0
53	0	21.0
53	1	4.0
53	2	8.0
53	3	23.0
53	4	5.0
53	6	1.0
53	7	1.0
53	8	1.0
53	10	4.0
53	12	5.0
53	14	10.0
53	16	1.0
53	17	2.0
53	18	5.0
53	21	3.0
53	23	1.0
53	25	3.0
53	26	1.0
53	28	1.0
53	34	3.0
53	37	1.0
53	38	1.0
53	40	1.0
53	41	1.0
53	42	1.0
53	47	1.0
53	49	1.0
53	51	1.0
53	52	1.0
53	53	56.0
53	57	1.0
53	67	1.0
53	70	1.0
53	86	1.0
53	93	1.0
53	101	1.0
53	104	1.0
53	112	1.0
53	120	1.0
54	0	59.0
54	1	18.0
54	2	35.0
54	3	62.0
54	4	6.0
54	6	1.0
54	7	12.0
54	9	1.0
54	10	19.0
54	11	1.0
54	12	18.0
54	13	1.0
54	14	39.0
54	15	2.0
54	16	1.0
54	17	10.0
54	18	19.0
54	21	3.0
54	22	2.0
54	23	1.0
54	24	1.0
54	25	18.0
54	28	1.0
54	30	2.0
54	31	1.0
54	34	16.0
54	36	5.0
54	37	2.0
54	38	1.0
54	39	5.0
54	42	1.0
54	43	1.0
54	46	1.0
54	47	1.0
54	48	1.0
54	49	1.0
54	52	1.0
54	54	280.0
54	55	1.0
54	57	1.0
54	59	2.0
54	60	1.0
54	61	1.0
54	66	3.0
54	68	1.0
54	69	1.0
54	70	1.0
54	73	2.0
54	74	1.0
54	81	1.0
54	84	1.0
54	86	2.0
54	88	1.0
54	90	1.0
54	94	1.0
54	95	1.0
54	98	1.0
54	99	1.0
54	100	1.0
54	102	1.0
54	105	1.0
54	106	1.0
54	108	1.0
54	110	1.0
54	112	2.0
54	117	1.0
54	118	2.0
54	122	1.0
55	0	10.0
55	1	3.0
55	2	4.0
55	3	9.0
55	5	1.0
55	7	1.0
55	8	1.0
55	10	3.0
55	14	3.0
55	17	2.0
55	18	1.0
55	25	1.0
55	27	2.0
55	30	1.0
55	33	1.0
55	34	2.0
55	36	1.0
55	39	1.0
55	49	1.0
55	54	1.0
55	55	16.0
55	57	1.0
55	82	1.0
55	91	1.0
55	107	1.0
55	112	1.0
55	114	1.0
55	118	1.0
56	0	8.0
56	1	1.0
56	2	4.0
56	3	6.0
56	7	1.0
56	9	1.0
56	10	3.0
56	11	1.0
56	12	2.0
56	13	1.0
56	14	5.0
56	17	1.0
56	25	1.0
56	27	1.0
56	29	1.0
56	34	1.0
56	37	1.0
56	41	1.0
56	44	1.0
56	52	1.0
56	56	22.0
56	64	1.0
56	103	1.0
56	108	1.0
56	115	1.0
56	118	1.0
56	121	1.0
57	0	19.0
57	1	1.0
57	2	3.0
57	3	11.0
57	4	2.0
57	7	1.0
57	10	4.0
57	12	7.0
57	14	13.0
57	15	1.0
57	17	5.0
57	18	5.0
57	19	1.0
57	22	2.0
57	25	2.0
57	26	1.0
57	28	2.0
57	34	3.0
57	36	1.0
57	39	3.0
57	40	1.0
57	42	1.0
57	48	1.0
57	53	1.0
57	54	1.0
57	55	1.0
57	57	48.0
57	59	2.0
57	66	1.0
57	68	1.0
57	85	1.0
57	107	2.0
57	123	1.0
58	0	7.0
58	1	1.0
58	2	3.0
58	3	6.0
58	4	1.0
58	7	1.0
58	9	1.0
58	10	4.0
58	12	2.0
58	14	3.0
58	17	3.0
58	18	1.0
58	22	1.0
58	23	1.0
58	25	2.0
58	35	1.0
58	50	1.0
58	52	1.0
58	58	24.0
58	66	1.0
58	102	1.0
58	117	1.0
58	122	1.0
59	0	24.0
59	1	3.0
59	2	15.0
59	3	18.0
59	4	3.0
59	7	1.0
59	10	9.0
59	12	5.0
59	14	15.0
59	16	1.0
59	18	6.0
59	23	2.0
59	25	6.0
59	26	1.0
59	31	1.0
59	33	1.0
59	34	5.0
59	39	1.0
59	47	1.0
59	52	1.0
59	54	2.0
59	57	2.0
59	59	88.0
59	67	1.0
59	68	1.0
59	74	1.0
59	81	1.0
59	88	1.0
59	93	1.0
59	96	1.0
59	102	1.0
59	115	1.0
59	120	1.0
59	122	1.0
60	0	10.0
60	1	1.0
60	2	6.0
60	3	4.0
60	7	1.0
60	10	3.0
60	12	1.0
60	14	5.0
60	15	1.0
60	18	2.0
60	25	5.0
60	26	1.0
60	30	1.0
60	34	1.0
60	36	1.0
60	42	1.0
60	54	1.0
60	60	16.0
60	111	1.0
60	122	1.0
61	0	11.0
61	1	1.0
61	2	5.0
61	3	3.0
61	4	1.0
61	9	1.0
61	10	3.0
61	12	1.0
61	14	4.0
61	17	1.0
61	18	3.0
61	25	3.0
61	30	1.0
61	32	1.0
61	46	1.0
61	54	1.0
61	61	34.0
61	74	1.0
61	79	1.0
61	82	1.0
61	123	1.0
62	0	15.0
62	1	1.0
62	2	10.0
62	3	18.0
62	5	1.0
62	7	5.0
62	9	2.0
62	10	6.0
62	12	8.0
62	14	9.0
62	17	4.0
62	18	6.0
62	22	1.0
62	23	1.0
62	25	7.0
62	27	1.0
62	29	1.0
62	31	1.0
62	34	4.0
62	35	1.0
62	36	1.0
62	37	1.0
62	38	1.0
62	44	1.0
62	45	1.0
62	48	1.0
62	50	1.0
62	62	74.0
62	63	1.0
62	68	1.0
62	73	1.0
62	81	1.0
62	92	1.0
62	95	1.0
62	99	1.0
62	117	1.0
62	119	1.0
63	0	4.0
63	2	2.0
63	3	6.0
63	4	1.0
63	7	1.0
63	11	1.0
63	14	2.0
63	17	2.0
63	18	1.0
63	25	1.0
63	27	1.0
63	62	1.0
63	63	14.0
63	94	1.0
63	97	1.0
63	107	1.0
63	108	1.0
64	0	13.0
64	1	2.0
64	2	5.0
64	3	12.0
64	8	1.0
64	10	3.0
64	12	3.0
64	14	8.0
64	17	1.0
64	18	2.0
64	22	1.0
64	27	1.0
64	28	1.0
64	30	1.0
64	31	1.0
64	34	3.0
64	36	2.0
64	37	1.0
64	39	1.0
64	52	1.0
64	56	1.0
64	64	34.0
64	65	1.0
64	71	1.0
64	96	1.0
64	98	1.0
64	123	1.0
65	0	10.0
65	1	3.0
65	2	4.0
65	3	7.0
65	4	1.0
65	7	2.0
65	10	4.0
65	11	1.0
65	12	2.0
65	13	1.0
65	14	4.0
65	17	1.0
65	18	3.0
65	19	1.0
65	21	1.0
65	23	1.0
65	25	2.0
65	34	1.0
65	38	1.0
65	45	1.0
65	46	1.0
65	64	1.0
65	65	22.0
65	88	1.0
65	102	1.0
65	106	1.0
65	112	1.0
66	0	9.0
66	1	3.0
66	2	2.0
66	3	8.0
66	4	2.0
66	10	1.0
66	12	3.0
66	14	7.0
66	17	1.0
66	18	2.0
66	25	1.0
66	34	3.0
66	54	3.0
66	57	1.0
66	58	1.0
66	66	44.0
66	70	1.0
66	75	1.0
66	88	1.0
66	95	1.0
66	96	1.0
66	104	1.0
67	0	17.0
67	1	4.0
67	2	4.0
67	3	15.0
67	4	2.0
67	7	1.0
67	10	5.0
67	12	5.0
67	14	10.0
67	17	3.0
67	18	5.0
67	25	1.0
67	28	1.0
67	34	1.0
67	37	2.0
67	43	1.0
67	49	1.0
67	53	1.0
67	59	1.0
67	67	32.0
67	68	1.0
67	80	1.0
67	99	2.0
67	106	1.0
68	0	11.0
68	2	4.0
68	3	5.0
68	5	1.0
68	7	2.0
68	9	1.0
68	10	2.0
68	12	1.0
68	14	6.0
68	16	1.0
68	18	3.0
68	25	1.0
68	37	1.0
68	54	1.0
68	57	1.0
68	59	1.0
68	62	1.0
68	67	1.0
68	68	30.0
68	72	1.0
68	118	1.0
69	0	15.0
69	1	1.0
69	3	8.0
69	4	1.0
69	5	1.0
69	6	1.0
69	7	1.0
69	10	3.0
69	14	10.0
69	18	1.0
69	25	1.0
69	29	1.0
69	33	1.0
69	34	2.0
69	36	2.0
69	38	1.0
69	41	1.0
69	47	1.0
69	54	1.0
69	69	30.0
69	70	1.0
69	71	1.0
69	72	1.0
69	79	1.0
69	86	1.0
69	99	1.0
69	100	1.0
69	103	1.0
69	112	1.0
70	0	12.0
70	2	3.0
70	3	6.0
70	7	1.0
70	10	4.0
70	11	1.0
70	12	3.0
70	14	2.0
70	18	1.0
70	25	2.0
70	33	1.0
70	34	2.0
70	36	2.0
70	37	1.0
70	42	1.0
70	45	1.0
70	53	1.0
70	54	1.0
70	66	1.0
70	69	1.0
70	70	24.0
70	73	1.0
70	79	1.0
70	96	1.0
70	104	1.0
70	123	1.0
71	0	5.0
71	1	2.0
71	2	4.0
71	3	6.0
71	4	1.0
71	7	1.0
71	10	2.0
71	12	1.0
71	14	4.0
71	17	1.0
71	25	1.0
71	30	1.0
71	31	1.0
71	39	1.0
71	64	1.0
71	69	1.0
71	71	32.0
71	80	1.0
71	84	1.0
72	0	6.0
72	1	1.0
72	2	4.0
72	3	6.0
72	9	1.0
72	10	3.0
72	12	2.0
72	14	1.0
72	17	2.0
72	18	3.0
72	30	1.0
72	34	1.0
72	41	1.0
72	46	1.0
72	68	1.0
72	69	1.0
72	72	36.0
72	73	1.0
72	98	1.0
72	102	1.0
72	109	1.0
72	112	1.0
73	0	13.0
73	1	4.0
73	2	13.0
73	3	23.0
73	4	2.0
73	5	1.0
73	7	4.0
73	10	3.0
73	11	2.0
73	12	8.0
73	14	11.0
73	16	1.0
73	17	3.0
73	18	12.0
73	21	1.0
73	23	1.0
73	25	5.0
73	27	1.0
73	32	1.0
73	34	2.0
73	47	1.0
73	50	1.0
73	54	2.0
73	62	1.0
73	70	1.0
73	72	1.0
73	73	76.0
73	84	1.0
73	85	2.0
73	90	1.0
73	98	1.0
73	99	1.0
73	110	1.0
73	115	1.0
73	117	1.0
73	123	1.0
74	0	9.0
74	1	2.0
74	2	3.0
74	3	8.0
74	4	1.0
74	10	5.0
74	12	5.0
74	14	8.0
74	17	2.0
74	22	1.0
74	25	2.0
74	29	3.0
74	34	3.0
74	52	1.0
74	54	1.0
74	59	1.0
74	61	1.0
74	74	56.0
74	81	1.0
74	84	1.0
74	97	1.0
74	98	1.0
74	99	1.0
74	107	1.0
74	112	1.0
74	119	1.0
75	0	5.0
75	1	2.0
75	2	1.0
75	3	3.0
75	4	1.0
75	7	1.0
75	8	1.0
75	10	2.0
75	11	1.0
75	14	3.0
75	25	1.0
75	34	1.0
75	39	1.0
75	46	1.0
75	66	1.0
75	75	14.0
76	0	3.0
76	2	1.0
76	3	3.0
76	7	2.0
76	12	1.0
76	14	3.0
76	25	1.0
76	34	1.0
76	76	12.0
76	109	1.0
76	124	1.0
77	0	4.0
77	1	3.0
77	2	1.0
77	3	6.0
77	10	3.0
77	12	2.0
77	14	4.0
77	18	2.0
77	25	2.0
77	34	2.0
77	47	1.0
77	77	8.0
77	88	1.0
77	91	1.0
77	95	1.0
77	111	1.0
77	121	1.0
77	123	1.0
78	0	9.0
78	2	2.0
78	3	3.0
78	4	2.0
78	10	3.0
78	12	2.0
78	14	2.0
78	15	1.0
78	17	1.0
78	18	2.0
78	25	1.0
78	30	1.0
78	35	1.0
78	49	1.0
78	78	10.0
78	97	1.0
79	0	8.0
79	1	1.0
79	2	3.0
79	3	7.0
79	4	1.0
79	7	1.0
79	10	1.0
79	13	1.0
79	14	3.0
79	17	1.0
79	25	3.0
79	28	1.0
79	30	1.0
79	34	2.0
79	61	1.0
79	69	1.0
79	70	1.0
79	79	14.0
79	91	1.0
80	0	15.0
80	1	5.0
80	2	2.0
80	3	7.0
80	4	1.0
80	6	1.0
80	7	3.0
80	10	1.0
80	11	1.0
80	14	3.0
80	15	1.0
80	17	1.0
80	18	1.0
80	23	1.0
80	25	1.0
80	28	1.0
80	30	1.0
80	34	1.0
80	36	1.0
80	49	1.0
80	67	1.0
80	71	1.0
80	80	22.0
80	98	1.0
80	102	1.0
80	106	1.0
81	0	14.0
81	1	5.0
81	2	6.0
81	3	14.0
81	4	2.0
81	7	3.0
81	10	5.0
81	11	1.0
81	12	2.0
81	14	8.0
81	17	2.0
81	18	5.0
81	19	1.0
81	25	2.0
81	26	1.0
81	27	1.0
81	29	1.0
81	34	2.0
81	36	2.0
81	37	1.0
81	39	1.0
81	42	1.0
81	46	1.0
81	48	1.0
81	52	1.0
81	54	1.0
81	59	1.0
81	62	1.0
81	74	1.0
81	81	50.0
81	85	1.0
81	86	1.0
81	94	1.0
81	109	1.0
81	111	2.0
81	114	1.0
81	115	1.0
82	0	15.0
82	1	3.0
82	2	2.0
82	3	4.0
82	4	1.0
82	6	1.0
82	7	1.0
82	8	1.0
82	10	2.0
82	11	1.0
82	12	1.0
82	14	8.0
82	18	3.0
82	25	5.0
82	26	1.0
82	28	1.0
82	34	3.0
82	36	1.0
82	37	1.0
82	47	1.0
82	49	1.0
82	55	1.0
82	61	1.0
82	82	36.0
82	85	1.0
83	0	4.0
83	1	2.0
83	2	2.0
83	3	5.0
83	4	1.0
83	6	1.0
83	10	4.0
83	11	1.0
83	14	5.0
83	17	2.0
83	18	2.0
83	24	1.0
83	25	1.0
83	27	1.0
83	28	2.0
83	30	1.0
83	34	2.0
83	40	1.0
83	83	18.0
83	86	1.0
83	99	1.0
83	102	1.0
83	108	1.0
83	109	1.0
83	123	1.0
84	0	13.0
84	1	4.0
84	2	6.0
84	3	15.0
84	7	3.0
84	8	1.0
84	10	5.0
84	11	2.0
84	12	2.0
84	14	7.0
84	17	3.0
84	18	8.0
84	21	2.0
84	23	1.0
84	25	4.0
84	29	1.0
84	30	1.0
84	34	3.0
84	42	1.0
84	44	1.0
84	46	1.0
84	47	2.0
84	54	1.0
84	71	1.0
84	73	1.0
84	74	1.0
84	84	58.0
84	93	1.0
84	98	1.0
84	100	1.0
84	111	1.0
84	122	1.0
85	0	7.0
85	1	3.0
85	2	4.0
85	3	9.0
85	4	1.0
85	6	1.0
85	7	2.0
85	8	1.0
85	10	2.0
85	14	9.0
85	15	1.0
85	17	4.0
85	18	2.0
85	22	1.0
85	26	2.0
85	34	5.0
85	39	1.0
85	42	1.0
85	46	1.0
85	47	1.0
85	57	1.0
85	73	2.0
85	81	1.0
85	82	1.0
85	85	26.0
85	96	1.0
85	102	1.0
85	111	1.0
86	0	12.0
86	1	3.0
86	2	6.0
86	3	14.0
86	4	1.0
86	6	1.0
86	7	2.0
86	10	4.0
86	12	3.0
86	14	8.0
86	17	2.0
86	18	2.0
86	22	1.0
86	25	1.0
86	29	2.0
86	34	1.0
86	39	1.0
86	47	2.0
86	52	1.0
86	53	1.0
86	54	2.0
86	69	1.0
86	81	1.0
86	83	1.0
86	86	44.0
87	0	7.0
87	1	1.0
87	3	4.0
87	10	5.0
87	11	1.0
87	12	2.0
87	14	3.0
87	17	2.0
87	18	2.0
87	29	1.0
87	34	1.0
87	37	1.0
87	44	1.0
87	49	1.0
87	87	24.0
87	96	1.0
87	110	1.0
88	0	11.0
88	1	4.0
88	2	7.0
88	3	9.0
88	7	2.0
88	10	3.0
88	12	3.0
88	14	7.0
88	17	3.0
88	18	6.0
88	25	2.0
88	34	2.0
88	36	1.0
88	37	1.0
88	54	1.0
88	59	1.0
88	65	1.0
88	66	1.0
88	77	1.0
88	88	56.0
88	109	1.0
88	112	1.0
88	122	1.0
89	0	3.0
89	1	2.0
89	2	1.0
89	3	4.0
89	10	1.0
89	12	1.0
89	14	3.0
89	17	3.0
89	20	1.0
89	25	1.0
89	28	1.0
89	34	1.0
89	89	16.0
89	112	1.0
90	0	8.0
90	1	2.0
90	2	2.0
90	3	7.0
90	4	1.0
90	7	1.0
90	11	1.0
90	12	2.0
90	14	2.0
90	17	1.0
90	18	2.0
90	22	1.0
90	28	1.0
90	34	2.0
90	42	1.0
90	47	1.0
90	54	1.0
90	73	1.0
90	90	24.0
90	119	1.0
91	0	7.0
91	1	1.0
91	2	3.0
91	3	9.0
91	4	1.0
91	8	1.0
91	10	3.0
91	12	2.0
91	14	2.0
91	15	1.0
91	17	1.0
91	18	3.0
91	25	2.0
91	30	1.0
91	34	1.0
91	36	1.0
91	37	1.0
91	39	1.0
91	40	1.0
91	42	1.0
91	47	1.0
91	49	1.0
91	52	1.0
91	55	1.0
91	77	1.0
91	79	1.0
91	91	26.0
91	103	1.0
91	107	1.0
91	116	1.0
92	0	4.0
92	1	2.0
92	3	4.0
92	4	1.0
92	14	2.0
92	16	1.0
92	17	2.0
92	18	2.0
92	25	1.0
92	39	1.0
92	49	1.0
92	62	1.0
92	92	22.0
93	0	21.0
93	1	2.0
93	2	6.0
93	3	17.0
93	4	2.0
93	6	1.0
93	7	1.0
93	9	1.0
93	10	5.0
93	12	2.0
93	14	12.0
93	17	1.0
93	18	5.0
93	21	1.0
93	22	1.0
93	23	2.0
93	25	3.0
93	27	1.0
93	29	1.0
93	34	3.0
93	42	2.0
93	47	1.0
93	53	1.0
93	59	1.0
93	84	1.0
93	93	62.0
93	112	2.0
94	0	6.0
94	2	3.0
94	3	9.0
94	7	1.0
94	9	1.0
94	10	5.0
94	14	5.0
94	17	2.0
94	18	3.0
94	24	1.0
94	25	2.0
94	28	1.0
94	34	1.0
94	39	1.0
94	46	1.0
94	47	1.0
94	54	1.0
94	63	1.0
94	81	1.0
94	94	32.0
94	107	1.0
95	0	5.0
95	1	2.0
95	2	1.0
95	3	5.0
95	4	1.0
95	10	2.0
95	14	2.0
95	18	1.0
95	22	1.0
95	23	1.0
95	34	1.0
95	54	1.0
95	62	1.0
95	66	1.0
95	77	1.0
95	95	14.0
96	0	6.0
96	1	3.0
96	2	2.0
96	3	9.0
96	5	1.0
96	7	2.0
96	10	2.0
96	12	4.0
96	13	1.0
96	14	4.0
96	17	3.0
96	18	1.0
96	22	1.0
96	23	1.0
96	31	1.0
96	36	2.0
96	37	1.0
96	38	1.0
96	39	1.0
96	40	1.0
96	59	1.0
96	64	1.0
96	66	1.0
96	70	1.0
96	85	1.0
96	87	1.0
96	96	26.0
96	114	1.0
97	0	4.0
97	1	3.0
97	2	3.0
97	3	5.0
97	4	1.0
97	9	1.0
97	10	1.0
97	13	1.0
97	14	3.0
97	16	1.0
97	17	2.0
97	18	2.0
97	25	1.0
97	33	1.0
97	34	2.0
97	52	1.0
97	63	1.0
97	74	1.0
97	78	1.0
97	97	20.0
97	119	1.0
98	0	15.0
98	1	8.0
98	2	11.0
98	3	19.0
98	6	1.0
98	7	3.0
98	8	1.0
98	9	1.0
98	10	9.0
98	12	4.0
98	14	10.0
98	16	2.0
98	17	4.0
98	18	10.0
98	21	3.0
98	25	3.0
98	28	1.0
98	29	1.0
98	34	5.0
98	39	1.0
98	46	3.0
98	47	2.0
98	54	1.0
98	64	1.0
98	72	1.0
98	73	1.0
98	74	1.0
98	80	1.0
98	84	1.0
98	98	64.0
98	106	1.0
98	111	1.0
98	118	1.0
98	120	1.0
99	0	22.0
99	1	4.0
99	2	4.0
99	3	16.0
99	4	2.0
99	7	4.0
99	10	8.0
99	12	9.0
99	14	10.0
99	17	4.0
99	18	8.0
99	21	1.0
99	23	1.0
99	25	1.0
99	26	1.0
99	28	2.0
99	34	1.0
99	36	1.0
99	39	1.0
99	46	1.0
99	47	2.0
99	52	1.0
99	54	1.0
99	62	1.0
99	67	2.0
99	69	1.0
99	73	1.0
99	74	1.0
99	83	1.0
99	99	66.0
99	106	1.0
100	0	10.0
100	1	1.0
100	3	5.0
100	7	1.0
100	10	2.0
100	14	4.0
100	25	2.0
100	29	1.0
100	30	1.0
100	37	1.0
100	43	1.0
100	44	1.0
100	54	1.0
100	69	1.0
100	84	1.0
100	100	20.0
101	0	2.0
101	1	2.0
101	2	1.0
101	3	6.0
101	4	1.0
101	6	1.0
101	10	2.0
101	12	2.0
101	14	4.0
101	18	2.0
101	34	2.0
101	53	1.0
101	101	10.0
101	124	1.0
102	0	6.0
102	1	3.0
102	2	7.0
102	3	16.0
102	6	1.0
102	7	2.0
102	9	1.0
102	10	4.0
102	12	5.0
102	14	7.0
102	15	1.0
102	17	3.0
102	18	3.0
102	23	1.0
102	25	4.0
102	26	1.0
102	28	1.0
102	34	2.0
102	36	1.0
102	39	1.0
102	40	1.0
102	46	1.0
102	54	1.0
102	58	1.0
102	59	1.0
102	65	1.0
102	72	1.0
102	80	1.0
102	83	1.0
102	85	1.0
102	102	58.0
103	0	9.0
103	1	2.0
103	2	3.0
103	3	11.0
103	5	1.0
103	7	1.0
103	8	2.0
103	10	2.0
103	12	2.0
103	14	6.0
103	17	1.0
103	18	4.0
103	22	1.0
103	25	1.0
103	27	1.0
103	34	3.0
103	37	1.0
103	39	1.0
103	41	1.0
103	46	1.0
103	47	1.0
103	56	1.0
103	69	1.0
103	91	1.0
103	103	26.0
103	124	1.0
104	0	5.0
104	1	1.0
104	3	5.0
104	4	1.0
104	10	2.0
104	14	3.0
104	17	1.0
104	32	1.0
104	37	1.0
104	39	1.0
104	53	1.0
104	66	1.0
104	70	1.0
104	104	10.0
105	0	3.0
105	2	1.0
105	3	3.0
105	4	1.0
105	5	1.0
105	10	1.0
105	11	1.0
105	14	2.0
105	18	2.0
105	54	1.0
105	105	26.0
106	0	6.0
106	1	2.0
106	2	2.0
106	3	7.0
106	4	2.0
106	10	2.0
106	11	1.0
106	12	2.0
106	14	3.0
106	17	1.0
106	18	2.0
106	34	1.0
106	54	1.0
106	65	1.0
106	67	1.0
106	80	1.0
106	98	1.0
106	99	1.0
106	106	24.0
107	0	13.0
107	1	1.0
107	2	6.0
107	3	15.0
107	4	3.0
107	5	1.0
107	10	4.0
107	12	3.0
107	14	4.0
107	16	1.0
107	17	2.0
107	18	1.0
107	21	3.0
107	25	4.0
107	34	3.0
107	39	2.0
107	41	1.0
107	55	1.0
107	57	2.0
107	63	1.0
107	74	1.0
107	91	1.0
107	94	1.0
107	107	40.0
107	112	1.0
108	0	18.0
108	1	1.0
108	2	3.0
108	3	11.0
108	4	2.0
108	5	2.0
108	6	1.0
108	7	3.0
108	10	5.0
108	11	1.0
108	12	4.0
108	14	6.0
108	17	3.0
108	21	1.0
108	22	1.0
108	31	1.0
108	34	2.0
108	39	1.0
108	52	1.0
108	54	1.0
108	56	1.0
108	63	1.0
108	83	1.0
108	108	44.0
108	119	1.0
108	121	1.0
109	0	7.0
109	1	1.0
109	2	7.0
109	3	10.0
109	4	1.0
109	5	1.0
109	7	3.0
109	8	1.0
109	10	3.0
109	11	1.0
109	12	2.0
109	13	1.0
109	14	4.0
109	15	1.0
109	17	4.0
109	18	4.0
109	23	1.0
109	25	1.0
109	34	2.0
109	42	1.0
109	72	1.0
109	76	1.0
109	81	1.0
109	83	1.0
109	88	1.0
109	109	44.0
110	0	4.0
110	1	1.0
110	2	1.0
110	3	3.0
110	4	1.0
110	12	1.0
110	13	1.0
110	14	1.0
110	18	1.0
110	19	1.0
110	22	1.0
110	25	1.0
110	37	1.0
110	39	1.0
110	46	1.0
110	54	1.0
110	73	1.0
110	87	1.0
110	110	6.0
111	0	14.0
111	1	2.0
111	2	3.0
111	3	3.0
111	4	1.0
111	8	1.0
111	10	4.0
111	11	1.0
111	12	4.0
111	14	5.0
111	21	1.0
111	23	1.0
111	25	2.0
111	34	2.0
111	42	2.0
111	60	1.0
111	77	1.0
111	81	2.0
111	84	1.0
111	85	1.0
111	98	1.0
111	111	30.0
111	112	1.0
112	0	23.0
112	1	10.0
112	2	9.0
112	3	26.0
112	4	4.0
112	5	1.0
112	7	4.0
112	8	1.0
112	9	2.0
112	10	13.0
112	12	4.0
112	14	16.0
112	17	7.0
112	18	5.0
112	22	1.0
112	23	1.0
112	25	7.0
112	28	1.0
112	31	1.0
112	33	1.0
112	34	8.0
112	36	1.0
112	37	1.0
112	39	3.0
112	43	1.0
112	45	1.0
112	47	1.0
112	49	1.0
112	51	1.0
112	53	1.0
112	54	2.0
112	55	1.0
112	65	1.0
112	69	1.0
112	72	1.0
112	74	1.0
112	88	1.0
112	89	1.0
112	93	2.0
112	107	1.0
112	111	1.0
112	112	136.0
112	114	2.0
112	122	1.0
112	123	1.0
113	0	2.0
113	1	1.0
113	2	4.0
113	3	4.0
113	7	1.0
113	9	1.0
113	10	1.0
113	12	2.0
113	14	3.0
113	17	1.0
113	18	3.0
113	21	1.0
113	25	1.0
113	44	1.0
113	52	1.0
113	113	10.0
114	0	16.0
114	1	5.0
114	2	7.0
114	3	9.0
114	4	1.0
114	7	2.0
114	8	1.0
114	10	6.0
114	12	1.0
114	14	4.0
114	17	1.0
114	18	5.0
114	21	1.0
114	23	1.0
114	25	1.0
114	28	1.0
114	34	2.0
114	42	1.0
114	47	1.0
114	49	1.0
114	55	1.0
114	81	1.0
114	96	1.0
114	112	2.0
114	114	64.0
114	116	1.0
114	117	1.0
115	0	5.0
115	1	3.0
115	2	4.0
115	3	4.0
115	7	1.0
115	10	4.0
115	12	3.0
115	14	4.0
115	17	2.0
115	18	3.0
115	25	1.0
115	34	2.0
115	56	1.0
115	59	1.0
115	73	1.0
115	81	1.0
115	115	40.0
116	0	5.0
116	1	2.0
116	2	2.0
116	3	5.0
116	7	1.0
116	17	1.0
116	18	1.0
116	21	1.0
116	25	2.0
116	36	1.0
116	46	1.0
116	91	1.0
116	114	1.0
116	116	12.0
117	0	7.0
117	1	3.0
117	2	2.0
117	3	4.0
117	4	1.0
117	7	1.0
117	10	2.0
117	11	1.0
117	12	2.0
117	14	2.0
117	17	1.0
117	18	1.0
117	25	2.0
117	54	1.0
117	58	1.0
117	62	1.0
117	73	1.0
117	114	1.0
117	117	24.0
118	0	11.0
118	2	4.0
118	3	10.0
118	4	1.0
118	7	2.0
118	10	1.0
118	12	3.0
118	14	4.0
118	15	1.0
118	17	2.0
118	18	5.0
118	20	1.0
118	23	1.0
118	27	1.0
118	34	2.0
118	36	1.0
118	39	1.0
118	46	2.0
118	47	1.0
118	49	1.0
118	54	2.0
118	55	1.0
118	56	1.0
118	68	1.0
118	98	1.0
118	118	38.0
118	119	1.0
119	0	13.0
119	1	2.0
119	2	2.0
119	3	7.0
119	7	1.0
119	10	2.0
119	12	1.0
119	14	6.0
119	18	3.0
119	23	1.0
119	25	2.0
119	36	1.0
119	39	1.0
119	47	1.0
119	62	1.0
119	74	1.0
119	90	1.0
119	97	1.0
119	108	1.0
119	118	1.0
119	119	34.0
120	0	7.0
120	1	3.0
120	2	3.0
120	3	8.0
120	4	1.0
120	10	3.0
120	12	2.0
120	14	2.0
120	17	1.0
120	18	1.0
120	21	1.0
120	25	1.0
120	33	1.0
120	37	1.0
120	53	1.0
120	59	1.0
120	98	1.0
120	120	22.0
121	0	6.0
121	1	2.0
121	2	2.0
121	3	4.0
121	10	2.0
121	11	1.0
121	12	1.0
121	14	2.0
121	18	1.0
121	25	1.0
121	29	1.0
121	37	1.0
121	39	1.0
121	56	1.0
121	77	1.0
121	108	1.0
121	121	10.0
122	0	2.0
122	1	1.0
122	2	3.0
122	3	5.0
122	5	1.0
122	7	1.0
122	8	2.0
122	10	2.0
122	12	2.0
122	14	5.0
122	15	1.0
122	18	2.0
122	21	1.0
122	25	2.0
122	34	3.0
122	39	1.0
122	54	1.0
122	58	1.0
122	59	1.0
122	60	1.0
122	84	1.0
122	88	1.0
122	112	1.0
122	122	28.0
123	0	4.0
123	1	2.0
123	2	5.0
123	3	8.0
123	4	1.0
123	10	4.0
123	12	1.0
123	14	5.0
123	15	1.0
123	17	1.0
123	18	1.0
123	25	2.0
123	29	2.0
123	57	1.0
123	61	1.0
123	64	1.0
123	70	1.0
123	73	1.0
123	77	1.0
123	83	1.0
123	112	1.0
123	123	30.0
124	0	8.0
124	1	3.0
124	2	2.0
124	3	4.0
124	4	1.0
124	7	1.0
124	8	1.0
124	9	1.0
124	10	3.0
124	12	1.0
124	14	3.0
124	15	1.0
124	17	1.0
124	18	4.0
124	25	1.0
124	36	1.0
124	39	1.0
124	44	1.0
124	76	1.0
124	101	1.0
124	103	1.0
124	124	24.0
