number of nodes: 278 number of edges: 2238
old mod: 0.6078931758874928 new mod: 0.6305087208492317
0	0	108928.0
0	1	2301.0
0	2	15019.0
0	3	2348.0
0	4	5406.0
0	5	4268.0
0	6	154.0
0	7	549.0
0	8	537.0
0	9	723.0
0	10	408.0
0	11	298.0
0	12	85.0
0	13	651.0
0	14	85.0
0	15	145.0
0	16	111.0
0	17	117.0
0	18	183.0
0	19	7.0
0	20	9.0
0	21	38.0
0	22	146.0
0	23	15.0
0	24	86.0
0	25	2.0
0	26	36.0
0	27	36.0
0	28	22.0
0	29	36.0
0	30	44.0
0	31	121.0
0	32	108.0
0	33	25.0
0	34	26.0
0	35	3.0
0	36	1.0
0	38	8.0
0	39	4.0
0	40	20.0
0	41	22.0
0	43	16.0
0	44	1.0
0	45	6.0
0	46	8.0
0	47	2.0
0	48	13.0
0	49	1.0
0	50	14.0
0	51	2.0
0	52	6.0
0	55	2.0
0	56	3.0
0	58	1.0
0	59	1.0
0	60	3.0
0	62	2.0
0	63	2.0
0	66	2.0
0	68	3.0
0	69	1.0
0	70	3.0
0	71	3.0
0	73	1.0
0	77	1.0
0	80	1.0
0	87	2.0
0	89	1.0
0	95	2.0
0	96	1.0
0	98	2.0
0	102	1.0
0	103	1.0
0	104	5.0
0	107	1.0
0	108	2.0
0	113	1.0
0	123	1.0
0	127	1.0
0	134	1.0
0	139	1.0
0	148	1.0
1	0	2301.0
1	1	53385.0
1	2	7985.0
1	3	718.0
1	4	547.0
1	5	469.0
1	6	445.0
1	7	107.0
1	8	258.0
1	9	410.0
1	10	495.0
1	11	160.0
1	12	121.0
1	13	249.0
1	14	100.0
1	15	125.0
1	16	221.0
1	17	17.0
1	18	125.0
1	19	44.0
1	20	69.0
1	21	23.0
1	22	8.0
1	23	27.0
1	24	8.0
1	25	83.0
1	26	14.0
1	27	4.0
1	28	11.0
1	29	47.0
1	30	2.0
1	31	30.0
1	32	2.0
1	33	11.0
1	34	4.0
1	35	10.0
1	36	5.0
1	37	3.0
1	38	19.0
1	39	1.0
1	40	4.0
1	41	17.0
1	42	12.0
1	43	1.0
1	45	1.0
1	46	3.0
1	48	5.0
1	49	2.0
1	50	1.0
1	52	4.0
1	53	1.0
1	56	2.0
1	57	2.0
1	61	3.0
1	62	1.0
1	65	2.0
1	69	3.0
1	71	1.0
1	72	1.0
1	73	2.0
1	74	3.0
1	77	1.0
1	80	2.0
1	84	1.0
1	88	2.0
1	92	1.0
1	94	1.0
1	96	1.0
1	99	1.0
1	101	1.0
1	104	1.0
1	111	3.0
1	113	1.0
1	128	1.0
1	138	1.0
2	0	15019.0
2	1	7985.0
2	2	130282.0
2	3	7631.0
2	4	4366.0
2	5	3011.0
2	6	117.0
2	7	1485.0
2	8	421.0
2	9	514.0
2	10	206.0
2	11	711.0
2	12	17.0
2	13	253.0
2	14	545.0
2	15	230.0
2	16	75.0
2	17	59.0
2	18	68.0
2	19	11.0
2	20	1.0
2	21	47.0
2	22	101.0
2	23	5.0
2	24	41.0
2	25	16.0
2	26	4.0
2	27	39.0
2	28	6.0
2	29	18.0
2	30	113.0
2	31	87.0
2	32	14.0
2	33	4.0
2	34	3.0
2	35	11.0
2	36	1.0
2	37	2.0
2	38	47.0
2	39	16.0
2	40	1.0
2	41	3.0
2	42	3.0
2	43	13.0
2	45	2.0
2	46	24.0
2	47	2.0
2	48	13.0
2	50	3.0
2	52	10.0
2	53	2.0
2	58	2.0
2	59	3.0
2	63	1.0
2	64	2.0
2	70	2.0
2	72	1.0
2	74	1.0
2	76	3.0
2	80	2.0
2	85	4.0
2	86	2.0
2	88	1.0
2	92	1.0
2	99	1.0
2	103	2.0
2	106	1.0
2	115	1.0
2	117	1.0
2	118	1.0
2	123	1.0
2	124	2.0
2	131	1.0
2	134	1.0
2	136	1.0
3	0	2348.0
3	1	718.0
3	2	7631.0
3	3	68838.0
3	4	544.0
3	5	1108.0
3	6	152.0
3	7	1060.0
3	8	211.0
3	9	264.0
3	10	101.0
3	11	338.0
3	12	16.0
3	13	111.0
3	14	109.0
3	15	38.0
3	16	35.0
3	17	1.0
3	18	121.0
3	19	115.0
3	21	3.0
3	22	193.0
3	23	59.0
3	24	9.0
3	25	7.0
3	26	4.0
3	27	48.0
3	28	41.0
3	29	12.0
3	30	8.0
3	31	13.0
3	32	27.0
3	33	38.0
3	34	10.0
3	35	1.0
3	37	3.0
3	38	25.0
3	39	1.0
3	40	2.0
3	41	11.0
3	42	1.0
3	43	5.0
3	44	5.0
3	45	7.0
3	46	25.0
3	49	3.0
3	50	11.0
3	51	1.0
3	56	4.0
3	59	1.0
3	60	1.0
3	61	2.0
3	70	2.0
3	75	3.0
3	81	1.0
3	84	3.0
3	89	1.0
3	102	1.0
3	103	1.0
3	105	1.0
3	106	1.0
3	109	2.0
3	117	1.0
3	119	1.0
4	0	5406.0
4	1	547.0
4	2	4366.0
4	3	544.0
4	4	42624.0
4	5	613.0
4	6	27.0
4	7	39.0
4	8	42.0
4	9	99.0
4	10	16.0
4	11	19.0
4	12	27.0
4	13	43.0
4	14	26.0
4	15	7.0
4	16	12.0
4	17	28.0
4	18	130.0
4	19	1.0
4	21	13.0
4	22	31.0
4	24	38.0
4	26	9.0
4	27	1.0
4	28	1.0
4	29	7.0
4	30	33.0
4	31	20.0
4	32	32.0
4	33	5.0
4	34	3.0
4	36	2.0
4	41	1.0
4	42	20.0
4	43	6.0
4	45	2.0
4	48	17.0
4	50	1.0
4	57	2.0
4	58	2.0
4	59	5.0
4	60	1.0
4	66	1.0
4	69	1.0
4	70	5.0
4	77	1.0
4	80	1.0
4	92	1.0
4	93	1.0
4	126	1.0
5	0	4268.0
5	1	469.0
5	2	3011.0
5	3	1108.0
5	4	613.0
5	5	26271.0
5	6	96.0
5	7	279.0
5	8	101.0
5	9	148.0
5	10	52.0
5	11	175.0
5	12	16.0
5	13	80.0
5	14	122.0
5	15	35.0
5	16	33.0
5	17	2.0
5	18	14.0
5	19	8.0
5	20	7.0
5	21	2.0
5	22	11.0
5	23	1.0
5	24	67.0
5	25	11.0
5	26	1.0
5	27	2.0
5	28	15.0
5	29	13.0
5	30	4.0
5	31	12.0
5	32	9.0
5	33	1.0
5	34	1.0
5	36	6.0
5	37	1.0
5	38	3.0
5	40	1.0
5	45	1.0
5	46	2.0
5	47	1.0
5	53	3.0
5	56	1.0
5	57	1.0
5	62	2.0
5	65	1.0
5	66	1.0
5	69	1.0
5	71	1.0
5	79	1.0
5	87	3.0
5	92	1.0
5	93	1.0
5	94	1.0
5	115	1.0
5	116	1.0
5	122	1.0
6	0	154.0
6	1	445.0
6	2	117.0
6	3	152.0
6	4	27.0
6	5	96.0
6	6	15212.0
6	7	290.0
6	8	50.0
6	9	265.0
6	10	30.0
6	11	15.0
6	12	30.0
6	13	97.0
6	14	8.0
6	15	58.0
6	16	27.0
6	18	14.0
6	19	10.0
6	20	3.0
6	21	4.0
6	22	21.0
6	23	3.0
6	24	1.0
6	25	63.0
6	26	8.0
6	27	1.0
6	28	29.0
6	29	6.0
6	30	2.0
6	31	1.0
6	33	3.0
6	36	1.0
6	38	8.0
6	39	1.0
6	40	6.0
6	41	1.0
6	44	2.0
6	47	6.0
6	50	5.0
6	53	1.0
6	54	2.0
6	55	2.0
6	56	2.0
6	67	1.0
6	76	2.0
6	79	3.0
6	80	1.0
6	81	1.0
6	99	1.0
6	111	1.0
6	121	1.0
6	122	1.0
6	133	1.0
7	0	549.0
7	1	107.0
7	2	1485.0
7	3	1060.0
7	4	39.0
7	5	279.0
7	6	290.0
7	7	8472.0
7	8	28.0
7	9	304.0
7	10	12.0
7	11	12.0
7	12	2.0
7	13	28.0
7	14	14.0
7	15	10.0
7	16	9.0
7	18	15.0
7	21	3.0
7	22	17.0
7	23	4.0
7	24	1.0
7	25	1.0
7	26	1.0
7	28	23.0
7	29	14.0
7	30	5.0
7	31	3.0
7	32	1.0
7	33	19.0
7	35	1.0
7	38	16.0
7	39	2.0
7	40	11.0
7	41	9.0
7	46	7.0
7	49	4.0
7	51	2.0
7	53	3.0
7	58	1.0
7	67	1.0
7	72	1.0
7	78	1.0
7	79	4.0
7	82	1.0
7	104	1.0
7	135	1.0
8	0	537.0
8	1	258.0
8	2	421.0
8	3	211.0
8	4	42.0
8	5	101.0
8	6	50.0
8	7	28.0
8	8	7794.0
8	9	93.0
8	10	26.0
8	11	61.0
8	12	66.0
8	13	54.0
8	14	173.0
8	15	26.0
8	16	77.0
8	17	2.0
8	18	18.0
8	19	138.0
8	22	22.0
8	23	22.0
8	24	3.0
8	25	5.0
8	27	6.0
8	28	4.0
8	29	27.0
8	30	8.0
8	31	16.0
8	32	17.0
8	33	52.0
8	34	13.0
8	36	1.0
8	37	6.0
8	38	17.0
8	40	6.0
8	41	11.0
8	43	4.0
8	45	5.0
8	46	8.0
8	48	1.0
8	50	3.0
8	53	3.0
8	56	2.0
8	58	1.0
8	62	3.0
8	66	1.0
8	70	1.0
8	71	2.0
8	75	1.0
8	85	1.0
8	92	2.0
8	104	1.0
9	0	723.0
9	1	410.0
9	2	514.0
9	3	264.0
9	4	99.0
9	5	148.0
9	6	265.0
9	7	304.0
9	8	93.0
9	9	12186.0
9	10	119.0
9	11	236.0
9	12	23.0
9	13	123.0
9	14	18.0
9	15	26.0
9	16	23.0
9	17	3.0
9	18	20.0
9	19	19.0
9	21	6.0
9	22	50.0
9	25	85.0
9	26	5.0
9	27	2.0
9	28	8.0
9	29	13.0
9	30	4.0
9	31	15.0
9	32	6.0
9	33	3.0
9	34	9.0
9	36	8.0
9	38	28.0
9	39	1.0
9	40	21.0
9	41	2.0
9	44	2.0
9	46	1.0
9	48	1.0
9	49	2.0
9	50	1.0
9	52	3.0
9	53	3.0
9	55	2.0
9	57	2.0
9	62	1.0
9	66	2.0
9	71	3.0
9	86	1.0
9	101	1.0
9	122	2.0
9	135	1.0
10	0	408.0
10	1	495.0
10	2	206.0
10	3	101.0
10	4	16.0
10	5	52.0
10	6	30.0
10	7	12.0
10	8	26.0
10	9	119.0
10	10	5882.0
10	11	20.0
10	12	48.0
10	13	12.0
10	14	3.0
10	15	222.0
10	16	38.0
10	17	1.0
10	18	16.0
10	19	2.0
10	20	23.0
10	22	6.0
10	23	3.0
10	25	6.0
10	26	24.0
10	28	13.0
10	29	12.0
10	32	4.0
10	33	1.0
10	34	7.0
10	35	2.0
10	36	1.0
10	40	5.0
10	41	4.0
10	43	1.0
10	45	1.0
10	47	1.0
10	52	2.0
10	63	2.0
10	66	1.0
10	77	2.0
10	80	1.0
10	90	1.0
10	105	1.0
10	155	1.0
11	0	298.0
11	1	160.0
11	2	711.0
11	3	338.0
11	4	19.0
11	5	175.0
11	6	15.0
11	7	12.0
11	8	61.0
11	9	236.0
11	10	20.0
11	11	5566.0
11	12	21.0
11	13	60.0
11	14	37.0
11	15	23.0
11	16	34.0
11	18	56.0
11	19	3.0
11	20	1.0
11	22	11.0
11	23	3.0
11	24	1.0
11	25	14.0
11	26	16.0
11	27	1.0
11	28	13.0
11	29	9.0
11	31	12.0
11	32	3.0
11	33	16.0
11	34	3.0
11	35	11.0
11	37	2.0
11	38	2.0
11	41	11.0
11	45	6.0
11	49	1.0
11	54	2.0
11	57	2.0
11	61	1.0
11	66	1.0
11	80	1.0
11	92	1.0
11	96	2.0
11	97	1.0
11	104	1.0
12	0	85.0
12	1	121.0
12	2	17.0
12	3	16.0
12	4	27.0
12	5	16.0
12	6	30.0
12	7	2.0
12	8	66.0
12	9	23.0
12	10	48.0
12	11	21.0
12	12	5389.0
12	13	16.0
12	14	3.0
12	15	9.0
12	16	61.0
12	18	15.0
12	19	4.0
12	22	1.0
12	23	21.0
12	26	5.0
12	29	9.0
12	31	10.0
12	33	21.0
12	34	5.0
12	38	3.0
12	41	1.0
12	42	5.0
12	43	2.0
12	45	6.0
12	46	1.0
12	49	1.0
12	60	1.0
12	63	1.0
12	67	2.0
12	68	6.0
12	77	2.0
12	91	2.0
12	105	1.0
12	108	1.0
12	110	1.0
13	0	651.0
13	1	249.0
13	2	253.0
13	3	111.0
13	4	43.0
13	5	80.0
13	6	97.0
13	7	28.0
13	8	54.0
13	9	123.0
13	10	12.0
13	11	60.0
13	12	16.0
13	13	5390.0
13	14	26.0
13	15	16.0
13	16	4.0
13	17	1.0
13	18	25.0
13	19	15.0
13	20	1.0
13	21	2.0
13	22	36.0
13	23	8.0
13	24	2.0
13	25	3.0
13	26	4.0
13	27	3.0
13	28	30.0
13	29	12.0
13	30	2.0
13	31	5.0
13	32	5.0
13	33	4.0
13	35	1.0
13	36	2.0
13	37	3.0
13	38	11.0
13	39	1.0
13	42	1.0
13	43	1.0
13	44	10.0
13	46	1.0
13	47	1.0
13	48	2.0
13	50	2.0
13	51	2.0
13	55	4.0
13	58	4.0
13	59	3.0
13	62	2.0
13	71	2.0
13	72	2.0
13	73	3.0
13	94	1.0
13	104	1.0
13	108	1.0
13	116	1.0
14	0	85.0
14	1	100.0
14	2	545.0
14	3	109.0
14	4	26.0
14	5	122.0
14	6	8.0
14	7	14.0
14	8	173.0
14	9	18.0
14	10	3.0
14	11	37.0
14	12	3.0
14	13	26.0
14	14	5030.0
14	15	73.0
14	16	60.0
14	18	39.0
14	19	25.0
14	21	4.0
14	22	7.0
14	23	1.0
14	25	4.0
14	26	7.0
14	27	3.0
14	28	11.0
14	29	41.0
14	30	1.0
14	31	9.0
14	32	7.0
14	33	16.0
14	36	5.0
14	37	1.0
14	38	15.0
14	39	1.0
14	40	3.0
14	43	2.0
14	44	2.0
14	45	2.0
14	46	1.0
14	48	1.0
14	49	1.0
14	50	6.0
14	54	2.0
14	57	2.0
14	59	3.0
14	62	3.0
14	65	4.0
14	66	1.0
14	70	2.0
14	71	1.0
14	81	1.0
14	133	1.0
15	0	145.0
15	1	125.0
15	2	230.0
15	3	38.0
15	4	7.0
15	5	35.0
15	6	58.0
15	7	10.0
15	8	26.0
15	9	26.0
15	10	222.0
15	11	23.0
15	12	9.0
15	13	16.0
15	14	73.0
15	15	5652.0
15	16	43.0
15	18	50.0
15	19	1.0
15	20	2.0
15	22	7.0
15	23	1.0
15	25	1.0
15	26	13.0
15	29	55.0
15	31	6.0
15	33	8.0
15	34	10.0
15	36	2.0
15	38	8.0
15	45	5.0
15	46	10.0
15	49	1.0
15	50	4.0
15	52	2.0
15	55	1.0
15	63	2.0
15	65	1.0
15	66	1.0
15	67	2.0
15	70	1.0
15	71	1.0
15	75	2.0
15	77	1.0
15	87	1.0
15	89	1.0
15	94	1.0
15	110	1.0
15	128	1.0
16	0	111.0
16	1	221.0
16	2	75.0
16	3	35.0
16	4	12.0
16	5	33.0
16	6	27.0
16	7	9.0
16	8	77.0
16	9	23.0
16	10	38.0
16	11	34.0
16	12	61.0
16	13	4.0
16	14	60.0
16	15	43.0
16	16	5351.0
16	17	12.0
16	18	48.0
16	19	4.0
16	20	1.0
16	22	8.0
16	23	1.0
16	24	2.0
16	26	1.0
16	28	3.0
16	29	69.0
16	31	3.0
16	32	1.0
16	33	8.0
16	34	2.0
16	36	4.0
16	38	15.0
16	41	5.0
16	43	1.0
16	45	9.0
16	46	4.0
16	54	2.0
16	56	1.0
16	58	1.0
16	60	1.0
16	63	1.0
16	71	1.0
16	73	1.0
16	75	2.0
16	76	1.0
16	77	2.0
16	92	1.0
16	108	1.0
16	109	1.0
16	110	1.0
16	113	1.0
16	145	1.0
16	156	1.0
17	0	117.0
17	1	17.0
17	2	59.0
17	3	1.0
17	4	28.0
17	5	2.0
17	8	2.0
17	9	3.0
17	10	1.0
17	13	1.0
17	16	12.0
17	17	878.0
17	18	2.0
17	19	1.0
17	21	1.0
17	29	2.0
17	38	4.0
17	40	2.0
17	59	1.0
17	69	1.0
18	0	183.0
18	1	125.0
18	2	68.0
18	3	121.0
18	4	130.0
18	5	14.0
18	6	14.0
18	7	15.0
18	8	18.0
18	9	20.0
18	10	16.0
18	11	56.0
18	12	15.0
18	13	25.0
18	14	39.0
18	15	50.0
18	16	48.0
18	17	2.0
18	18	5360.0
18	19	2.0
18	21	5.0
18	22	4.0
18	26	20.0
18	29	6.0
18	31	5.0
18	32	2.0
18	33	20.0
18	35	1.0
18	36	1.0
18	38	23.0
18	40	1.0
18	41	3.0
18	43	1.0
18	44	3.0
18	45	5.0
18	46	5.0
18	48	4.0
18	54	1.0
18	59	1.0
18	66	2.0
18	69	1.0
18	78	9.0
18	80	1.0
18	105	1.0
18	153	1.0
19	0	7.0
19	1	44.0
19	2	11.0
19	3	115.0
19	4	1.0
19	5	8.0
19	6	10.0
19	8	138.0
19	9	19.0
19	10	2.0
19	11	3.0
19	12	4.0
19	13	15.0
19	14	25.0
19	15	1.0
19	16	4.0
19	17	1.0
19	18	2.0
19	19	1411.0
19	21	1.0
19	25	4.0
19	26	3.0
19	27	4.0
19	31	2.0
19	33	2.0
19	50	1.0
20	0	9.0
20	1	69.0
20	2	1.0
20	5	7.0
20	6	3.0
20	10	23.0
20	11	1.0
20	13	1.0
20	15	2.0
20	16	1.0
20	20	2134.0
20	23	1.0
21	0	38.0
21	1	23.0
21	2	47.0
21	3	3.0
21	4	13.0
21	5	2.0
21	6	4.0
21	7	3.0
21	9	6.0
21	13	2.0
21	14	4.0
21	17	1.0
21	18	5.0
21	19	1.0
21	21	180.0
21	31	1.0
21	38	1.0
22	0	146.0
22	1	8.0
22	2	101.0
22	3	193.0
22	4	31.0
22	5	11.0
22	6	21.0
22	7	17.0
22	8	22.0
22	9	50.0
22	10	6.0
22	11	11.0
22	12	1.0
22	13	36.0
22	14	7.0
22	15	7.0
22	16	8.0
22	18	4.0
22	22	2040.0
22	23	3.0
22	24	2.0
22	26	1.0
22	27	14.0
22	28	42.0
22	29	1.0
22	31	1.0
22	32	1.0
22	33	3.0
22	34	3.0
22	35	11.0
22	37	1.0
22	38	1.0
22	41	1.0
22	43	1.0
22	46	2.0
22	51	4.0
22	58	1.0
22	61	1.0
22	117	1.0
22	119	1.0
23	0	15.0
23	1	27.0
23	2	5.0
23	3	59.0
23	5	1.0
23	6	3.0
23	7	4.0
23	8	22.0
23	10	3.0
23	11	3.0
23	12	21.0
23	13	8.0
23	14	1.0
23	15	1.0
23	16	1.0
23	20	1.0
23	22	3.0
23	23	1230.0
23	26	7.0
23	28	1.0
23	29	1.0
23	33	6.0
23	35	1.0
23	41	2.0
23	45	3.0
23	56	1.0
23	94	1.0
24	0	86.0
24	1	8.0
24	2	41.0
24	3	9.0
24	4	38.0
24	5	67.0
24	6	1.0
24	7	1.0
24	8	3.0
24	11	1.0
24	13	2.0
24	16	2.0
24	22	2.0
24	24	696.0
24	38	1.0
24	48	6.0
25	0	2.0
25	1	83.0
25	2	16.0
25	3	7.0
25	5	11.0
25	6	63.0
25	7	1.0
25	8	5.0
25	9	85.0
25	10	6.0
25	11	14.0
25	13	3.0
25	14	4.0
25	15	1.0
25	19	4.0
25	25	1280.0
25	28	1.0
25	29	4.0
25	50	1.0
25	86	1.0
25	111	1.0
26	0	36.0
26	1	14.0
26	2	4.0
26	3	4.0
26	4	9.0
26	5	1.0
26	6	8.0
26	7	1.0
26	9	5.0
26	10	24.0
26	11	16.0
26	12	5.0
26	13	4.0
26	14	7.0
26	15	13.0
26	16	1.0
26	18	20.0
26	19	3.0
26	22	1.0
26	23	7.0
26	26	855.0
26	28	1.0
26	29	6.0
26	33	22.0
26	46	1.0
26	49	2.0
26	56	4.0
26	74	1.0
26	78	4.0
27	0	36.0
27	1	4.0
27	2	39.0
27	3	48.0
27	4	1.0
27	5	2.0
27	6	1.0
27	8	6.0
27	9	2.0
27	11	1.0
27	13	3.0
27	14	3.0
27	19	4.0
27	22	14.0
27	27	226.0
27	29	2.0
27	30	1.0
28	0	22.0
28	1	11.0
28	2	6.0
28	3	41.0
28	4	1.0
28	5	15.0
28	6	29.0
28	7	23.0
28	8	4.0
28	9	8.0
28	10	13.0
28	11	13.0
28	13	30.0
28	14	11.0
28	16	3.0
28	22	42.0
28	23	1.0
28	25	1.0
28	26	1.0
28	28	874.0
28	29	1.0
28	31	1.0
28	34	2.0
28	37	1.0
28	40	2.0
28	41	4.0
28	43	2.0
28	44	4.0
28	51	3.0
28	72	3.0
28	119	1.0
28	121	1.0
29	0	36.0
29	1	47.0
29	2	18.0
29	3	12.0
29	4	7.0
29	5	13.0
29	6	6.0
29	7	14.0
29	8	27.0
29	9	13.0
29	10	12.0
29	11	9.0
29	12	9.0
29	13	12.0
29	14	41.0
29	15	55.0
29	16	69.0
29	17	2.0
29	18	6.0
29	22	1.0
29	23	1.0
29	25	4.0
29	26	6.0
29	27	2.0
29	28	1.0
29	29	2106.0
29	32	2.0
29	33	12.0
29	34	1.0
29	36	4.0
29	38	10.0
29	40	6.0
29	43	1.0
29	45	1.0
29	48	2.0
29	50	1.0
29	59	2.0
29	60	1.0
29	63	1.0
29	72	2.0
29	75	1.0
29	88	1.0
29	92	1.0
29	110	1.0
29	113	1.0
30	0	44.0
30	1	2.0
30	2	113.0
30	3	8.0
30	4	33.0
30	5	4.0
30	6	2.0
30	7	5.0
30	8	8.0
30	9	4.0
30	13	2.0
30	14	1.0
30	27	1.0
30	30	242.0
31	0	121.0
31	1	30.0
31	2	87.0
31	3	13.0
31	4	20.0
31	5	12.0
31	6	1.0
31	7	3.0
31	8	16.0
31	9	15.0
31	11	12.0
31	12	10.0
31	13	5.0
31	14	9.0
31	15	6.0
31	16	3.0
31	18	5.0
31	19	2.0
31	21	1.0
31	22	1.0
31	28	1.0
31	31	682.0
31	33	1.0
31	34	2.0
32	0	108.0
32	1	2.0
32	2	14.0
32	3	27.0
32	4	32.0
32	5	9.0
32	7	1.0
32	8	17.0
32	9	6.0
32	10	4.0
32	11	3.0
32	13	5.0
32	14	7.0
32	16	1.0
32	18	2.0
32	22	1.0
32	29	2.0
32	32	378.0
32	33	1.0
32	58	1.0
32	65	1.0
32	81	2.0
33	0	25.0
33	1	11.0
33	2	4.0
33	3	38.0
33	4	5.0
33	5	1.0
33	6	3.0
33	7	19.0
33	8	52.0
33	9	3.0
33	10	1.0
33	11	16.0
33	12	21.0
33	13	4.0
33	14	16.0
33	15	8.0
33	16	8.0
33	18	20.0
33	19	2.0
33	22	3.0
33	23	6.0
33	26	22.0
33	29	12.0
33	31	1.0
33	32	1.0
33	33	1277.0
33	34	2.0
33	36	1.0
33	38	17.0
33	40	5.0
33	46	1.0
33	49	3.0
33	62	1.0
33	74	1.0
33	78	3.0
33	145	1.0
34	0	26.0
34	1	4.0
34	2	3.0
34	3	10.0
34	4	3.0
34	5	1.0
34	8	13.0
34	9	9.0
34	10	7.0
34	11	3.0
34	12	5.0
34	15	10.0
34	16	2.0
34	22	3.0
34	28	2.0
34	29	1.0
34	31	2.0
34	33	2.0
34	34	288.0
34	41	8.0
34	101	1.0
35	0	3.0
35	1	10.0
35	2	11.0
35	3	1.0
35	7	1.0
35	10	2.0
35	11	11.0
35	13	1.0
35	18	1.0
35	22	11.0
35	23	1.0
35	35	386.0
36	0	1.0
36	1	5.0
36	2	1.0
36	4	2.0
36	5	6.0
36	6	1.0
36	8	1.0
36	9	8.0
36	10	1.0
36	13	2.0
36	14	5.0
36	15	2.0
36	16	4.0
36	18	1.0
36	29	4.0
36	33	1.0
36	36	254.0
36	37	2.0
36	42	8.0
36	62	1.0
37	1	3.0
37	2	2.0
37	3	3.0
37	5	1.0
37	8	6.0
37	11	2.0
37	13	3.0
37	14	1.0
37	22	1.0
37	28	1.0
37	36	2.0
37	37	572.0
37	38	2.0
37	58	3.0
37	93	2.0
37	114	1.0
38	0	8.0
38	1	19.0
38	2	47.0
38	3	25.0
38	5	3.0
38	6	8.0
38	7	16.0
38	8	17.0
38	9	28.0
38	11	2.0
38	12	3.0
38	13	11.0
38	14	15.0
38	15	8.0
38	16	15.0
38	17	4.0
38	18	23.0
38	21	1.0
38	22	1.0
38	24	1.0
38	29	10.0
38	33	17.0
38	37	2.0
38	38	834.0
38	40	4.0
38	44	1.0
38	49	1.0
38	67	1.0
38	71	2.0
38	73	2.0
39	0	4.0
39	1	1.0
39	2	16.0
39	3	1.0
39	6	1.0
39	7	2.0
39	9	1.0
39	13	1.0
39	14	1.0
39	39	114.0
40	0	20.0
40	1	4.0
40	2	1.0
40	3	2.0
40	5	1.0
40	6	6.0
40	7	11.0
40	8	6.0
40	9	21.0
40	10	5.0
40	14	3.0
40	17	2.0
40	18	1.0
40	28	2.0
40	29	6.0
40	33	5.0
40	38	4.0
40	40	346.0
40	45	4.0
41	0	22.0
41	1	17.0
41	2	3.0
41	3	11.0
41	4	1.0
41	6	1.0
41	7	9.0
41	8	11.0
41	9	2.0
41	10	4.0
41	11	11.0
41	12	1.0
41	16	5.0
41	18	3.0
41	22	1.0
41	23	2.0
41	28	4.0
41	34	8.0
41	41	184.0
41	72	4.0
42	1	12.0
42	2	3.0
42	3	1.0
42	4	20.0
42	12	5.0
42	13	1.0
42	36	8.0
42	42	130.0
42	63	2.0
42	113	1.0
43	0	16.0
43	1	1.0
43	2	13.0
43	3	5.0
43	4	6.0
43	8	4.0
43	10	1.0
43	12	2.0
43	13	1.0
43	14	2.0
43	16	1.0
43	18	1.0
43	22	1.0
43	28	2.0
43	29	1.0
43	43	98.0
43	71	2.0
44	0	1.0
44	3	5.0
44	6	2.0
44	9	2.0
44	13	10.0
44	14	2.0
44	18	3.0
44	28	4.0
44	38	1.0
44	44	54.0
45	0	6.0
45	1	1.0
45	2	2.0
45	3	7.0
45	4	2.0
45	5	1.0
45	8	5.0
45	10	1.0
45	11	6.0
45	12	6.0
45	14	2.0
45	15	5.0
45	16	9.0
45	18	5.0
45	23	3.0
45	29	1.0
45	40	4.0
45	45	418.0
45	77	2.0
46	0	8.0
46	1	3.0
46	2	24.0
46	3	25.0
46	5	2.0
46	7	7.0
46	8	8.0
46	9	1.0
46	12	1.0
46	13	1.0
46	14	1.0
46	15	10.0
46	16	4.0
46	18	5.0
46	22	2.0
46	26	1.0
46	33	1.0
46	46	308.0
46	56	1.0
46	62	1.0
47	0	2.0
47	2	2.0
47	5	1.0
47	6	6.0
47	10	1.0
47	13	1.0
47	47	76.0
48	0	13.0
48	1	5.0
48	2	13.0
48	4	17.0
48	8	1.0
48	9	1.0
48	13	2.0
48	14	1.0
48	18	4.0
48	24	6.0
48	29	2.0
48	48	204.0
48	105	1.0
48	111	1.0
49	0	1.0
49	1	2.0
49	3	3.0
49	7	4.0
49	9	2.0
49	11	1.0
49	12	1.0
49	14	1.0
49	15	1.0
49	26	2.0
49	33	3.0
49	38	1.0
49	49	96.0
49	81	1.0
50	0	14.0
50	1	1.0
50	2	3.0
50	3	11.0
50	4	1.0
50	6	5.0
50	8	3.0
50	9	1.0
50	13	2.0
50	14	6.0
50	15	4.0
50	19	1.0
50	25	1.0
50	29	1.0
50	50	96.0
50	71	1.0
51	0	2.0
51	3	1.0
51	7	2.0
51	13	2.0
51	22	4.0
51	28	3.0
51	51	18.0
51	119	1.0
52	0	6.0
52	1	4.0
52	2	10.0
52	9	3.0
52	10	2.0
52	15	2.0
52	52	44.0
53	1	1.0
53	2	2.0
53	5	3.0
53	6	1.0
53	7	3.0
53	8	3.0
53	9	3.0
53	53	106.0
54	6	2.0
54	11	2.0
54	14	2.0
54	16	2.0
54	18	1.0
54	54	90.0
54	57	1.0
55	0	2.0
55	6	2.0
55	9	2.0
55	13	4.0
55	15	1.0
55	55	40.0
56	0	3.0
56	1	2.0
56	3	4.0
56	5	1.0
56	6	2.0
56	8	2.0
56	16	1.0
56	23	1.0
56	26	4.0
56	46	1.0
56	56	22.0
57	1	2.0
57	4	2.0
57	5	1.0
57	9	2.0
57	11	2.0
57	14	2.0
57	54	1.0
57	57	30.0
58	0	1.0
58	2	2.0
58	4	2.0
58	7	1.0
58	8	1.0
58	13	4.0
58	16	1.0
58	22	1.0
58	32	1.0
58	37	3.0
58	58	114.0
59	0	1.0
59	2	3.0
59	3	1.0
59	4	5.0
59	13	3.0
59	14	3.0
59	17	1.0
59	18	1.0
59	29	2.0
59	59	34.0
60	0	3.0
60	3	1.0
60	4	1.0
60	12	1.0
60	16	1.0
60	29	1.0
60	60	78.0
61	1	3.0
61	3	2.0
61	11	1.0
61	22	1.0
61	61	90.0
62	0	2.0
62	1	1.0
62	5	2.0
62	8	3.0
62	9	1.0
62	13	2.0
62	14	3.0
62	33	1.0
62	36	1.0
62	46	1.0
62	62	26.0
63	0	2.0
63	2	1.0
63	10	2.0
63	12	1.0
63	15	2.0
63	16	1.0
63	29	1.0
63	42	2.0
63	63	40.0
64	2	2.0
64	64	52.0
65	1	2.0
65	5	1.0
65	14	4.0
65	15	1.0
65	32	1.0
65	65	12.0
66	0	2.0
66	4	1.0
66	5	1.0
66	8	1.0
66	9	2.0
66	10	1.0
66	11	1.0
66	14	1.0
66	15	1.0
66	18	2.0
66	66	16.0
67	6	1.0
67	7	1.0
67	12	2.0
67	15	2.0
67	38	1.0
67	67	24.0
68	0	3.0
68	12	6.0
68	68	20.0
69	0	1.0
69	1	3.0
69	4	1.0
69	5	1.0
69	17	1.0
69	18	1.0
69	69	24.0
70	0	3.0
70	2	2.0
70	3	2.0
70	4	5.0
70	8	1.0
70	14	2.0
70	15	1.0
70	70	68.0
71	0	3.0
71	1	1.0
71	5	1.0
71	8	2.0
71	9	3.0
71	13	2.0
71	14	1.0
71	15	1.0
71	16	1.0
71	38	2.0
71	43	2.0
71	50	1.0
71	71	38.0
72	1	1.0
72	2	1.0
72	7	1.0
72	13	2.0
72	28	3.0
72	29	2.0
72	41	4.0
72	72	18.0
73	0	1.0
73	1	2.0
73	13	3.0
73	16	1.0
73	38	2.0
73	73	40.0
74	1	3.0
74	2	1.0
74	26	1.0
74	33	1.0
74	74	54.0
74	76	1.0
75	3	3.0
75	8	1.0
75	15	2.0
75	16	2.0
75	29	1.0
75	75	32.0
75	103	1.0
75	110	1.0
76	2	3.0
76	6	2.0
76	16	1.0
76	74	1.0
76	76	62.0
77	0	1.0
77	1	1.0
77	4	1.0
77	10	2.0
77	12	2.0
77	15	1.0
77	16	2.0
77	45	2.0
77	77	24.0
77	110	1.0
78	7	1.0
78	18	9.0
78	26	4.0
78	33	3.0
78	78	36.0
79	5	1.0
79	6	3.0
79	7	4.0
79	79	20.0
80	0	1.0
80	1	2.0
80	2	2.0
80	4	1.0
80	6	1.0
80	10	1.0
80	11	1.0
80	18	1.0
80	80	8.0
81	3	1.0
81	6	1.0
81	14	1.0
81	32	2.0
81	49	1.0
81	81	10.0
82	7	1.0
82	82	26.0
83	83	28.0
84	1	1.0
84	3	3.0
84	84	20.0
85	2	4.0
85	8	1.0
85	85	26.0
86	2	2.0
86	9	1.0
86	25	1.0
86	86	10.0
87	0	2.0
87	5	3.0
87	15	1.0
87	87	34.0
88	1	2.0
88	2	1.0
88	29	1.0
88	88	16.0
89	0	1.0
89	3	1.0
89	15	1.0
89	89	24.0
90	10	1.0
90	90	24.0
91	12	2.0
91	91	10.0
92	1	1.0
92	2	1.0
92	4	1.0
92	5	1.0
92	8	2.0
92	11	1.0
92	16	1.0
92	29	1.0
92	92	6.0
92	94	1.0
93	4	1.0
93	5	1.0
93	37	2.0
93	93	12.0
94	1	1.0
94	5	1.0
94	13	1.0
94	15	1.0
94	23	1.0
94	92	1.0
94	94	6.0
94	108	1.0
95	0	2.0
95	95	16.0
96	0	1.0
96	1	1.0
96	11	2.0
96	96	14.0
97	11	1.0
97	97	32.0
98	0	2.0
98	98	22.0
99	1	1.0
99	2	1.0
99	6	1.0
99	99	14.0
100	100	20.0
101	1	1.0
101	9	1.0
101	34	1.0
101	101	8.0
102	0	1.0
102	3	1.0
102	102	8.0
103	0	1.0
103	2	2.0
103	3	1.0
103	75	1.0
103	103	10.0
104	0	5.0
104	1	1.0
104	7	1.0
104	8	1.0
104	11	1.0
104	13	1.0
104	104	10.0
105	3	1.0
105	10	1.0
105	12	1.0
105	18	1.0
105	48	1.0
105	105	6.0
106	2	1.0
106	3	1.0
106	106	28.0
107	0	1.0
107	107	6.0
108	0	2.0
108	12	1.0
108	13	1.0
108	16	1.0
108	94	1.0
108	108	6.0
109	3	2.0
109	16	1.0
109	109	8.0
110	12	1.0
110	15	1.0
110	16	1.0
110	29	1.0
110	75	1.0
110	77	1.0
110	110	34.0
111	1	3.0
111	6	1.0
111	25	1.0
111	48	1.0
111	111	10.0
112	112	8.0
113	0	1.0
113	1	1.0
113	16	1.0
113	29	1.0
113	42	1.0
113	113	22.0
114	37	1.0
114	114	18.0
115	2	1.0
115	5	1.0
115	115	18.0
116	5	1.0
116	13	1.0
116	116	10.0
117	2	1.0
117	3	1.0
117	22	1.0
117	117	12.0
118	2	1.0
118	118	18.0
119	3	1.0
119	22	1.0
119	28	1.0
119	51	1.0
119	119	6.0
120	120	14.0
121	6	1.0
121	28	1.0
121	121	6.0
122	5	1.0
122	6	1.0
122	9	2.0
122	122	5.0
123	0	1.0
123	2	1.0
123	123	6.0
124	2	2.0
124	124	8.0
125	125	14.0
126	4	1.0
126	126	6.0
127	0	1.0
127	127	8.0
128	1	1.0
128	15	1.0
128	128	6.0
129	129	10.0
130	130	12.0
131	2	1.0
131	131	6.0
132	132	6.0
133	6	1.0
133	14	1.0
133	133	14.0
134	0	1.0
134	2	1.0
134	134	4.0
135	7	1.0
135	9	1.0
135	135	6.0
136	2	1.0
136	136	4.0
137	137	8.0
138	1	1.0
138	138	10.0
139	0	1.0
139	139	4.0
140	140	10.0
141	141	10.0
142	142	10.0
143	143	8.0
144	144	10.0
145	16	1.0
145	33	1.0
145	145	6.0
146	146	10.0
147	147	8.0
148	0	1.0
148	148	4.0
149	149	4.0
150	150	4.0
151	151	6.0
152	152	4.0
153	18	1.0
153	153	8.0
154	154	6.0
155	10	1.0
155	155	6.0
156	16	1.0
156	156	8.0
157	157	6.0
158	158	6.0
159	159	4.0
160	160	6.0
161	161	4.0
162	162	4.0
163	163	4.0
164	164	4.0
165	165	4.0
166	166	4.0
167	167	8.0
168	168	4.0
169	169	4.0
170	170	4.0
171	171	4.0
172	172	6.0
173	173	4.0
174	174	4.0
175	175	8.0
176	176	4.0
177	177	4.0
178	178	4.0
179	179	6.0
180	180	4.0
181	181	6.0
182	182	6.0
183	183	6.0
184	184	2.0
185	185	2.0
186	186	2.0
187	187	2.0
188	188	2.0
189	189	2.0
190	190	2.0
191	191	2.0
192	192	2.0
193	193	2.0
194	194	2.0
195	195	2.0
196	196	2.0
197	197	2.0
198	198	2.0
199	199	2.0
200	200	2.0
201	201	1.0
202	202	2.0
203	203	2.0
204	204	2.0
205	205	2.0
206	206	2.0
207	207	2.0
208	208	2.0
209	209	2.0
210	210	2.0
211	211	2.0
212	212	2.0
213	213	2.0
214	214	2.0
215	215	2.0
216	216	2.0
217	217	2.0
218	218	2.0
219	219	2.0
220	220	2.0
221	221	2.0
222	222	2.0
223	223	2.0
224	224	2.0
225	225	2.0
226	226	2.0
227	227	2.0
228	228	2.0
229	229	2.0
230	230	2.0
231	231	2.0
232	232	2.0
233	233	2.0
234	234	2.0
235	235	2.0
236	236	2.0
237	237	2.0
238	238	2.0
239	239	2.0
240	240	2.0
241	241	2.0
242	242	2.0
243	243	2.0
244	244	2.0
245	245	2.0
246	246	2.0
247	247	2.0
248	248	2.0
249	249	2.0
250	250	2.0
251	251	2.0
252	252	2.0
253	253	2.0
254	254	2.0
255	255	2.0
256	256	2.0
257	257	2.0
258	258	2.0
259	259	2.0
260	260	2.0
261	261	2.0
262	262	2.0
263	263	2.0
264	264	2.0
265	265	2.0
266	266	2.0
267	267	2.0
268	268	2.0
269	269	2.0
270	270	2.0
271	271	2.0
272	272	2.0
273	273	2.0
274	274	2.0
275	275	2.0
276	276	2.0
277	277	2.0
