number of nodes: 213 number of edges: 897
old mod: 0.6046107285839626 new mod: 0.6046107285839621
0	0	2847810.0
0	1	494865.0
0	2	360919.0
0	3	43761.0
0	4	1893.0
0	5	26424.0
0	6	9060.0
0	7	12427.0
0	8	129710.0
0	9	5190.0
0	10	13298.0
0	11	8392.0
0	12	3253.0
0	13	50359.0
0	14	8325.0
0	15	9538.0
0	16	5900.0
0	17	507.0
0	18	3395.0
0	19	375.0
0	20	423.0
0	21	33.0
0	22	237.0
0	23	1184.0
0	24	216.0
0	25	6.0
0	26	4.0
0	27	14.0
0	28	8.0
0	29	4.0
0	30	5.0
0	31	1.0
0	32	2.0
0	33	1.0
0	34	1.0
0	36	1.0
0	37	1.0
0	42	1.0
0	46	2.0
0	47	1.0
0	48	1.0
0	53	1.0
1	0	494865.0
1	1	3612632.0
1	2	381505.0
1	3	183990.0
1	4	9456.0
1	5	91202.0
1	6	38331.0
1	7	60516.0
1	8	345720.0
1	9	17849.0
1	10	46513.0
1	11	19205.0
1	12	15542.0
1	13	91120.0
1	14	35041.0
1	15	29698.0
1	16	16620.0
1	17	2155.0
1	18	1757.0
1	19	2845.0
1	20	1614.0
1	21	266.0
1	22	1067.0
1	23	1501.0
1	24	531.0
1	25	42.0
1	26	104.0
1	27	19.0
1	28	15.0
1	29	7.0
1	30	7.0
1	31	5.0
1	32	4.0
1	34	2.0
1	36	3.0
1	37	5.0
1	38	2.0
1	39	1.0
1	40	2.0
1	41	1.0
1	42	1.0
1	43	2.0
1	44	1.0
1	45	2.0
1	46	2.0
1	47	1.0
1	48	2.0
1	49	1.0
1	53	1.0
1	55	1.0
1	56	1.0
1	57	1.0
1	58	1.0
1	62	1.0
1	73	1.0
2	0	360919.0
2	1	381505.0
2	2	1166544.0
2	3	73996.0
2	4	5492.0
2	5	20068.0
2	6	11394.0
2	7	17270.0
2	8	95076.0
2	9	7359.0
2	10	16792.0
2	11	7437.0
2	12	6265.0
2	13	37030.0
2	14	12631.0
2	15	11467.0
2	16	5232.0
2	17	1083.0
2	18	150.0
2	19	582.0
2	20	509.0
2	21	105.0
2	22	388.0
2	23	315.0
2	24	198.0
2	25	3.0
2	26	40.0
2	28	5.0
2	29	1.0
2	30	1.0
2	37	1.0
2	43	1.0
3	0	43761.0
3	1	183990.0
3	2	73996.0
3	3	4804779.0
3	4	835.0
3	5	2340.0
3	6	13667.0
3	7	10306.0
3	8	52145.0
3	9	744.0
3	10	7350.0
3	11	544.0
3	12	49469.0
3	13	1810.0
3	14	2897.0
3	15	1385.0
3	16	1072.0
3	17	168.0
3	18	405.0
3	19	11.0
3	20	17.0
3	21	21.0
3	22	16.0
3	23	37.0
3	24	17.0
3	25	25.0
3	33	5.0
4	0	1893.0
4	1	9456.0
4	2	5492.0
4	3	835.0
4	4	168227.0
4	5	270.0
4	6	400.0
4	7	467.0
4	8	3920.0
4	9	232.0
4	10	296.0
4	11	64.0
4	12	56.0
4	13	185.0
4	14	352.0
4	15	211.0
4	16	68.0
4	17	183.0
4	18	50.0
4	19	20.0
4	20	2.0
4	23	13.0
4	24	2.0
5	0	26424.0
5	1	91202.0
5	2	20068.0
5	3	2340.0
5	4	270.0
5	5	562873.0
5	6	962.0
5	7	1194.0
5	8	18756.0
5	9	433.0
5	10	744.0
5	11	499.0
5	12	154.0
5	13	2802.0
5	14	625.0
5	15	671.0
5	16	246.0
5	17	17.0
5	18	105.0
5	19	20.0
5	20	21.0
5	21	9.0
5	22	9.0
5	23	9.0
5	24	9.0
5	26	2.0
6	0	9060.0
6	1	38331.0
6	2	11394.0
6	3	13667.0
6	4	400.0
6	5	962.0
6	6	591490.0
6	7	1672.0
6	8	10875.0
6	9	1248.0
6	10	1341.0
6	11	119.0
6	12	816.0
6	13	478.0
6	14	437.0
6	15	417.0
6	16	238.0
6	17	100.0
6	18	206.0
6	19	92.0
6	20	12.0
6	21	11.0
6	22	33.0
6	23	3.0
6	24	6.0
6	25	1.0
6	26	7.0
7	0	12427.0
7	1	60516.0
7	2	17270.0
7	3	10306.0
7	4	467.0
7	5	1194.0
7	6	1672.0
7	7	633184.0
7	8	12736.0
7	9	805.0
7	10	3675.0
7	11	439.0
7	12	387.0
7	13	1232.0
7	14	2705.0
7	15	2038.0
7	16	853.0
7	17	41.0
7	18	111.0
7	19	11.0
7	20	27.0
7	21	6.0
7	22	12.0
7	23	12.0
7	24	10.0
8	0	129710.0
8	1	345720.0
8	2	95076.0
8	3	52145.0
8	4	3920.0
8	5	18756.0
8	6	10875.0
8	7	12736.0
8	8	1058249.0
8	9	6348.0
8	10	9137.0
8	11	2656.0
8	12	3684.0
8	13	26028.0
8	14	9286.0
8	15	7743.0
8	16	4532.0
8	17	3407.0
8	18	1363.0
8	19	264.0
8	20	127.0
8	21	200.0
8	22	112.0
8	23	214.0
8	24	64.0
8	25	3.0
8	26	2.0
8	28	2.0
8	29	1.0
8	32	1.0
8	34	1.0
8	35	1.0
8	38	1.0
8	47	1.0
9	0	5190.0
9	1	17849.0
9	2	7359.0
9	3	744.0
9	4	232.0
9	5	433.0
9	6	1248.0
9	7	805.0
9	8	6348.0
9	9	536984.0
9	10	388.0
9	11	113.0
9	12	46.0
9	13	225.0
9	14	652.0
9	15	276.0
9	16	231.0
9	17	37.0
9	18	106.0
9	19	1.0
9	20	3.0
9	21	2.0
9	22	6.0
9	23	1.0
10	0	13298.0
10	1	46513.0
10	2	16792.0
10	3	7350.0
10	4	296.0
10	5	744.0
10	6	1341.0
10	7	3675.0
10	8	9137.0
10	9	388.0
10	10	726828.0
10	11	309.0
10	12	296.0
10	13	696.0
10	14	1361.0
10	15	598.0
10	16	1008.0
10	17	35.0
10	18	243.0
10	19	9.0
10	20	31.0
10	21	15.0
10	22	25.0
10	23	4.0
10	24	5.0
11	0	8392.0
11	1	19205.0
11	2	7437.0
11	3	544.0
11	4	64.0
11	5	499.0
11	6	119.0
11	7	439.0
11	8	2656.0
11	9	113.0
11	10	309.0
11	11	105192.0
11	12	23.0
11	13	741.0
11	14	554.0
11	15	249.0
11	16	145.0
11	17	5.0
11	18	6.0
11	19	12.0
11	20	13.0
11	21	2.0
11	22	7.0
11	23	4.0
11	24	7.0
12	0	3253.0
12	1	15542.0
12	2	6265.0
12	3	49469.0
12	4	56.0
12	5	154.0
12	6	816.0
12	7	387.0
12	8	3684.0
12	9	46.0
12	10	296.0
12	11	23.0
12	12	356862.0
12	13	162.0
12	14	132.0
12	15	84.0
12	16	38.0
12	17	13.0
12	18	18.0
12	19	1.0
12	21	2.0
12	23	4.0
12	24	2.0
13	0	50359.0
13	1	91120.0
13	2	37030.0
13	3	1810.0
13	4	185.0
13	5	2802.0
13	6	478.0
13	7	1232.0
13	8	26028.0
13	9	225.0
13	10	696.0
13	11	741.0
13	12	162.0
13	13	432510.0
13	14	711.0
13	15	565.0
13	16	304.0
13	17	44.0
13	18	340.0
13	19	25.0
13	20	17.0
13	21	6.0
13	22	6.0
13	23	135.0
13	24	6.0
14	0	8325.0
14	1	35041.0
14	2	12631.0
14	3	2897.0
14	4	352.0
14	5	625.0
14	6	437.0
14	7	2705.0
14	8	9286.0
14	9	652.0
14	10	1361.0
14	11	554.0
14	12	132.0
14	13	711.0
14	14	300403.0
14	15	1010.0
14	16	543.0
14	17	48.0
14	18	11.0
14	19	10.0
14	20	27.0
14	21	4.0
14	22	10.0
14	23	32.0
14	24	6.0
15	0	9538.0
15	1	29698.0
15	2	11467.0
15	3	1385.0
15	4	211.0
15	5	671.0
15	6	417.0
15	7	2038.0
15	8	7743.0
15	9	276.0
15	10	598.0
15	11	249.0
15	12	84.0
15	13	565.0
15	14	1010.0
15	15	230370.0
15	16	247.0
15	17	36.0
15	18	45.0
15	19	6.0
15	20	12.0
15	21	8.0
15	22	4.0
15	23	8.0
15	24	3.0
15	26	3.0
16	0	5900.0
16	1	16620.0
16	2	5232.0
16	3	1072.0
16	4	68.0
16	5	246.0
16	6	238.0
16	7	853.0
16	8	4532.0
16	9	231.0
16	10	1008.0
16	11	145.0
16	12	38.0
16	13	304.0
16	14	543.0
16	15	247.0
16	16	304658.0
16	17	12.0
16	18	20.0
16	19	1.0
16	20	5.0
16	21	3.0
16	22	6.0
16	23	1.0
16	24	2.0
17	0	507.0
17	1	2155.0
17	2	1083.0
17	3	168.0
17	4	183.0
17	5	17.0
17	6	100.0
17	7	41.0
17	8	3407.0
17	9	37.0
17	10	35.0
17	11	5.0
17	12	13.0
17	13	44.0
17	14	48.0
17	15	36.0
17	16	12.0
17	17	46308.0
17	18	3.0
17	19	3.0
18	0	3395.0
18	1	1757.0
18	2	150.0
18	3	405.0
18	4	50.0
18	5	105.0
18	6	206.0
18	7	111.0
18	8	1363.0
18	9	106.0
18	10	243.0
18	11	6.0
18	12	18.0
18	13	340.0
18	14	11.0
18	15	45.0
18	16	20.0
18	17	3.0
18	18	33660.0
18	19	3.0
18	22	1.0
19	0	375.0
19	1	2845.0
19	2	582.0
19	3	11.0
19	4	20.0
19	5	20.0
19	6	92.0
19	7	11.0
19	8	264.0
19	9	1.0
19	10	9.0
19	11	12.0
19	12	1.0
19	13	25.0
19	14	10.0
19	15	6.0
19	16	1.0
19	17	3.0
19	18	3.0
19	19	11830.0
20	0	423.0
20	1	1614.0
20	2	509.0
20	3	17.0
20	4	2.0
20	5	21.0
20	6	12.0
20	7	27.0
20	8	127.0
20	9	3.0
20	10	31.0
20	11	13.0
20	13	17.0
20	14	27.0
20	15	12.0
20	16	5.0
20	20	5160.0
20	22	2.0
20	24	1.0
21	0	33.0
21	1	266.0
21	2	105.0
21	3	21.0
21	5	9.0
21	6	11.0
21	7	6.0
21	8	200.0
21	9	2.0
21	10	15.0
21	11	2.0
21	12	2.0
21	13	6.0
21	14	4.0
21	15	8.0
21	16	3.0
21	21	10594.0
22	0	237.0
22	1	1067.0
22	2	388.0
22	3	16.0
22	5	9.0
22	6	33.0
22	7	12.0
22	8	112.0
22	9	6.0
22	10	25.0
22	11	7.0
22	13	6.0
22	14	10.0
22	15	4.0
22	16	6.0
22	18	1.0
22	20	2.0
22	22	7718.0
23	0	1184.0
23	1	1501.0
23	2	315.0
23	3	37.0
23	4	13.0
23	5	9.0
23	6	3.0
23	7	12.0
23	8	214.0
23	9	1.0
23	10	4.0
23	11	4.0
23	12	4.0
23	13	135.0
23	14	32.0
23	15	8.0
23	16	1.0
23	23	6118.0
24	0	216.0
24	1	531.0
24	2	198.0
24	3	17.0
24	4	2.0
24	5	9.0
24	6	6.0
24	7	10.0
24	8	64.0
24	10	5.0
24	11	7.0
24	12	2.0
24	13	6.0
24	14	6.0
24	15	3.0
24	16	2.0
24	20	1.0
24	24	2210.0
25	0	6.0
25	1	42.0
25	2	3.0
25	3	25.0
25	6	1.0
25	8	3.0
25	25	746.0
26	0	4.0
26	1	104.0
26	2	40.0
26	5	2.0
26	6	7.0
26	8	2.0
26	15	3.0
26	26	316.0
27	0	14.0
27	1	19.0
27	27	60.0
28	0	8.0
28	1	15.0
28	2	5.0
28	8	2.0
28	28	40.0
29	0	4.0
29	1	7.0
29	2	1.0
29	8	1.0
29	29	22.0
30	0	5.0
30	1	7.0
30	2	1.0
30	30	22.0
31	0	1.0
31	1	5.0
31	31	22.0
32	0	2.0
32	1	4.0
32	8	1.0
32	32	12.0
33	0	1.0
33	3	5.0
33	33	20.0
34	0	1.0
34	1	2.0
34	8	1.0
34	34	18.0
35	8	1.0
35	35	28.0
36	0	1.0
36	1	3.0
36	36	14.0
37	0	1.0
37	1	5.0
37	2	1.0
37	37	16.0
38	1	2.0
38	8	1.0
38	38	12.0
39	1	1.0
39	39	12.0
40	1	2.0
40	40	10.0
41	1	1.0
41	41	20.0
42	0	1.0
42	1	1.0
42	42	10.0
43	1	2.0
43	2	1.0
43	43	10.0
44	1	1.0
44	44	14.0
45	1	2.0
45	45	10.0
46	0	2.0
46	1	2.0
46	46	10.0
47	0	1.0
47	1	1.0
47	8	1.0
47	47	12.0
48	0	1.0
48	1	2.0
48	48	16.0
49	1	1.0
49	49	10.0
50	50	10.0
51	51	10.0
52	52	10.0
53	0	1.0
53	1	1.0
53	53	6.0
54	54	10.0
55	1	1.0
55	55	4.0
56	1	1.0
56	56	4.0
57	1	1.0
57	57	4.0
58	1	1.0
58	58	6.0
59	59	10.0
60	60	4.0
61	61	4.0
62	1	1.0
62	62	6.0
63	63	4.0
64	64	4.0
65	65	4.0
66	66	6.0
67	67	4.0
68	68	6.0
69	69	4.0
70	70	4.0
71	71	6.0
72	72	6.0
73	1	1.0
73	73	4.0
74	74	4.0
75	75	2.0
76	76	2.0
77	77	2.0
78	78	2.0
79	79	2.0
80	80	2.0
81	81	2.0
82	82	2.0
83	83	2.0
84	84	2.0
85	85	2.0
86	86	2.0
87	87	2.0
88	88	2.0
89	89	2.0
90	90	2.0
91	91	2.0
92	92	2.0
93	93	2.0
94	94	2.0
95	95	2.0
96	96	2.0
97	97	2.0
98	98	2.0
99	99	2.0
100	100	2.0
101	101	2.0
102	102	2.0
103	103	2.0
104	104	2.0
105	105	2.0
106	106	2.0
107	107	2.0
108	108	2.0
109	109	2.0
110	110	2.0
111	111	2.0
112	112	2.0
113	113	2.0
114	114	2.0
115	115	2.0
116	116	2.0
117	117	2.0
118	118	2.0
119	119	2.0
120	120	2.0
121	121	2.0
122	122	2.0
123	123	2.0
124	124	2.0
125	125	2.0
126	126	2.0
127	127	2.0
128	128	2.0
129	129	2.0
130	130	2.0
131	131	2.0
132	132	2.0
133	133	2.0
134	134	2.0
135	135	2.0
136	136	2.0
137	137	2.0
138	138	2.0
139	139	2.0
140	140	2.0
141	141	2.0
142	142	2.0
143	143	2.0
144	144	2.0
145	145	2.0
146	146	2.0
147	147	2.0
148	148	2.0
149	149	2.0
150	150	2.0
151	151	2.0
152	152	2.0
153	153	2.0
154	154	2.0
155	155	2.0
156	156	2.0
157	157	2.0
158	158	2.0
159	159	2.0
160	160	2.0
161	161	2.0
162	162	2.0
163	163	2.0
164	164	2.0
165	165	2.0
166	166	2.0
167	167	2.0
168	168	2.0
169	169	2.0
170	170	2.0
171	171	2.0
172	172	2.0
173	173	2.0
174	174	2.0
175	175	2.0
176	176	2.0
177	177	2.0
178	178	2.0
179	179	2.0
180	180	2.0
181	181	2.0
182	182	2.0
183	183	2.0
184	184	2.0
185	185	2.0
186	186	2.0
187	187	2.0
188	188	2.0
189	189	2.0
190	190	2.0
191	191	2.0
192	192	2.0
193	193	2.0
194	194	2.0
195	195	2.0
196	196	2.0
197	197	2.0
198	198	2.0
199	199	2.0
200	200	2.0
201	201	2.0
202	202	2.0
203	203	2.0
204	204	2.0
205	205	2.0
206	206	2.0
207	207	2.0
208	208	2.0
209	209	2.0
210	210	2.0
211	211	2.0
212	212	2.0
