number of nodes: 494 number of edges: 3630
old mod: 0.6159650986457929 new mod: 0.6486922227206322
0	0	64284.0
0	1	6684.0
0	2	2746.0
0	3	350.0
0	4	388.0
0	5	61.0
0	6	51.0
0	7	155.0
0	8	76.0
0	9	36.0
0	10	15.0
0	11	23.0
0	12	50.0
0	13	96.0
0	14	38.0
0	15	15.0
0	17	13.0
0	18	8.0
0	19	10.0
0	20	2.0
0	21	78.0
0	22	3.0
0	23	17.0
0	25	18.0
0	26	5.0
0	28	29.0
0	29	12.0
0	30	12.0
0	31	17.0
0	32	3.0
0	34	61.0
0	35	2.0
0	36	12.0
0	37	2.0
0	39	11.0
0	40	18.0
0	42	1.0
0	43	11.0
0	45	1.0
0	46	21.0
0	47	1.0
0	48	3.0
0	49	2.0
0	50	2.0
0	51	6.0
0	52	1.0
0	53	2.0
0	57	3.0
0	58	20.0
0	59	2.0
0	62	2.0
0	66	2.0
0	67	1.0
0	68	2.0
0	70	3.0
0	72	6.0
0	73	1.0
0	74	9.0
0	77	16.0
0	78	1.0
0	79	2.0
0	80	10.0
0	81	3.0
0	83	11.0
0	85	3.0
0	89	1.0
0	90	3.0
0	92	8.0
0	94	2.0
0	95	1.0
0	98	1.0
0	99	2.0
0	100	13.0
0	104	1.0
0	105	7.0
0	109	1.0
0	117	1.0
0	118	2.0
0	120	1.0
0	125	1.0
0	127	1.0
0	130	10.0
0	131	1.0
0	133	6.0
0	136	2.0
0	147	3.0
0	157	1.0
0	158	2.0
0	162	6.0
0	166	2.0
0	167	3.0
0	174	3.0
0	176	1.0
0	178	3.0
0	179	4.0
0	185	1.0
0	196	2.0
0	200	4.0
0	206	2.0
0	214	1.0
0	219	5.0
0	225	5.0
0	229	2.0
1	0	6684.0
1	1	24840.0
1	2	1497.0
1	3	424.0
1	4	817.0
1	5	157.0
1	6	17.0
1	7	118.0
1	8	10.0
1	9	108.0
1	10	40.0
1	11	53.0
1	12	164.0
1	13	117.0
1	14	75.0
1	15	39.0
1	16	12.0
1	17	79.0
1	18	22.0
1	19	28.0
1	20	14.0
1	21	40.0
1	22	56.0
1	23	11.0
1	24	1.0
1	25	13.0
1	26	10.0
1	27	36.0
1	28	55.0
1	29	31.0
1	30	26.0
1	31	10.0
1	32	3.0
1	33	15.0
1	34	41.0
1	35	13.0
1	36	12.0
1	37	28.0
1	38	5.0
1	39	56.0
1	40	29.0
1	41	18.0
1	42	16.0
1	44	7.0
1	45	18.0
1	46	28.0
1	47	3.0
1	48	7.0
1	49	8.0
1	50	5.0
1	51	7.0
1	52	6.0
1	53	8.0
1	54	1.0
1	55	1.0
1	57	5.0
1	58	7.0
1	59	5.0
1	60	10.0
1	61	3.0
1	62	3.0
1	63	4.0
1	64	2.0
1	65	14.0
1	66	10.0
1	67	2.0
1	69	1.0
1	70	8.0
1	73	15.0
1	76	1.0
1	77	9.0
1	78	1.0
1	79	2.0
1	80	8.0
1	81	9.0
1	82	1.0
1	83	2.0
1	84	3.0
1	85	5.0
1	86	15.0
1	88	8.0
1	90	7.0
1	91	6.0
1	93	6.0
1	94	5.0
1	95	9.0
1	96	10.0
1	97	1.0
1	100	1.0
1	102	3.0
1	103	7.0
1	104	2.0
1	105	4.0
1	106	1.0
1	108	1.0
1	109	3.0
1	110	4.0
1	112	3.0
1	113	4.0
1	114	9.0
1	116	1.0
1	117	4.0
1	118	2.0
1	120	3.0
1	121	1.0
1	124	8.0
1	125	2.0
1	126	6.0
1	127	1.0
1	128	2.0
1	129	6.0
1	131	6.0
1	132	5.0
1	133	4.0
1	135	3.0
1	136	4.0
1	140	1.0
1	143	2.0
1	144	2.0
1	145	2.0
1	146	1.0
1	147	1.0
1	148	6.0
1	149	1.0
1	150	5.0
1	151	3.0
1	155	1.0
1	156	1.0
1	157	2.0
1	158	2.0
1	159	1.0
1	160	1.0
1	161	1.0
1	162	4.0
1	163	4.0
1	164	2.0
1	166	2.0
1	167	2.0
1	168	1.0
1	170	4.0
1	171	3.0
1	174	4.0
1	178	1.0
1	179	1.0
1	180	5.0
1	182	2.0
1	186	1.0
1	187	2.0
1	192	1.0
1	200	1.0
1	206	2.0
1	214	1.0
1	230	2.0
1	249	1.0
2	0	2746.0
2	1	1497.0
2	2	17967.0
2	3	478.0
2	4	680.0
2	5	59.0
2	7	155.0
2	8	9.0
2	9	114.0
2	10	3.0
2	11	14.0
2	12	110.0
2	13	29.0
2	14	79.0
2	15	7.0
2	17	16.0
2	18	5.0
2	19	3.0
2	20	2.0
2	21	42.0
2	22	10.0
2	23	6.0
2	24	2.0
2	25	1.0
2	26	15.0
2	28	19.0
2	29	8.0
2	30	13.0
2	31	16.0
2	34	2.0
2	35	1.0
2	36	7.0
2	38	1.0
2	39	3.0
2	40	8.0
2	42	2.0
2	43	6.0
2	44	3.0
2	45	2.0
2	46	19.0
2	47	1.0
2	49	1.0
2	50	12.0
2	51	2.0
2	52	5.0
2	55	13.0
2	57	6.0
2	58	6.0
2	59	2.0
2	63	1.0
2	66	5.0
2	67	3.0
2	68	2.0
2	70	2.0
2	73	3.0
2	79	2.0
2	80	1.0
2	82	1.0
2	83	2.0
2	88	1.0
2	89	2.0
2	90	2.0
2	92	1.0
2	96	3.0
2	100	2.0
2	103	2.0
2	104	2.0
2	105	6.0
2	106	9.0
2	108	2.0
2	109	4.0
2	110	1.0
2	114	1.0
2	116	2.0
2	118	3.0
2	120	4.0
2	123	2.0
2	126	2.0
2	127	5.0
2	128	1.0
2	133	1.0
2	138	1.0
2	144	1.0
2	147	5.0
2	149	3.0
2	156	2.0
2	160	5.0
2	165	1.0
2	166	1.0
2	167	3.0
2	168	1.0
2	171	2.0
2	172	1.0
2	179	1.0
2	196	1.0
2	200	1.0
2	212	3.0
2	215	2.0
3	0	350.0
3	1	424.0
3	2	478.0
3	3	10234.0
3	4	294.0
3	5	44.0
3	7	25.0
3	8	6.0
3	9	14.0
3	11	20.0
3	12	53.0
3	13	3.0
3	14	35.0
3	15	17.0
3	16	61.0
3	17	6.0
3	18	3.0
3	19	2.0
3	20	3.0
3	21	19.0
3	22	14.0
3	23	3.0
3	26	27.0
3	28	9.0
3	30	4.0
3	31	2.0
3	33	8.0
3	34	17.0
3	35	2.0
3	37	2.0
3	38	1.0
3	39	2.0
3	40	9.0
3	41	2.0
3	43	1.0
3	45	1.0
3	46	9.0
3	49	1.0
3	52	3.0
3	53	1.0
3	57	2.0
3	64	1.0
3	66	1.0
3	69	1.0
3	70	2.0
3	73	4.0
3	80	1.0
3	82	6.0
3	83	3.0
3	86	3.0
3	88	3.0
3	90	2.0
3	92	2.0
3	95	2.0
3	98	1.0
3	99	2.0
3	104	1.0
3	109	1.0
3	116	3.0
3	117	4.0
3	121	2.0
3	122	3.0
3	125	3.0
3	132	2.0
3	133	1.0
3	136	1.0
3	142	1.0
3	145	2.0
3	148	1.0
3	155	1.0
3	159	1.0
3	161	1.0
3	168	1.0
3	170	1.0
3	174	2.0
3	182	2.0
3	186	1.0
3	202	1.0
3	220	1.0
4	0	388.0
4	1	817.0
4	2	680.0
4	3	294.0
4	4	10802.0
4	5	306.0
4	6	2.0
4	7	57.0
4	8	51.0
4	9	131.0
4	10	6.0
4	11	50.0
4	12	131.0
4	13	5.0
4	14	74.0
4	15	15.0
4	16	11.0
4	17	23.0
4	18	8.0
4	19	11.0
4	20	31.0
4	21	7.0
4	22	30.0
4	24	3.0
4	25	9.0
4	26	40.0
4	27	10.0
4	28	19.0
4	29	27.0
4	30	14.0
4	31	3.0
4	32	5.0
4	33	14.0
4	34	5.0
4	35	3.0
4	36	10.0
4	37	14.0
4	38	7.0
4	39	12.0
4	40	27.0
4	41	2.0
4	42	7.0
4	44	5.0
4	45	11.0
4	46	1.0
4	47	2.0
4	48	3.0
4	50	4.0
4	52	8.0
4	53	5.0
4	55	2.0
4	57	13.0
4	60	3.0
4	62	3.0
4	65	3.0
4	66	5.0
4	67	7.0
4	69	3.0
4	70	3.0
4	71	4.0
4	72	1.0
4	73	10.0
4	75	2.0
4	78	1.0
4	79	1.0
4	81	8.0
4	82	4.0
4	83	2.0
4	85	2.0
4	86	7.0
4	87	4.0
4	88	1.0
4	90	4.0
4	91	1.0
4	92	6.0
4	94	2.0
4	95	8.0
4	96	1.0
4	101	4.0
4	102	2.0
4	103	2.0
4	104	1.0
4	105	1.0
4	106	7.0
4	108	3.0
4	109	5.0
4	110	8.0
4	115	1.0
4	116	4.0
4	117	3.0
4	118	2.0
4	119	2.0
4	120	2.0
4	121	2.0
4	125	4.0
4	126	2.0
4	127	3.0
4	128	3.0
4	129	1.0
4	130	2.0
4	132	1.0
4	133	1.0
4	134	1.0
4	136	3.0
4	140	1.0
4	143	1.0
4	145	2.0
4	147	4.0
4	148	3.0
4	149	1.0
4	150	2.0
4	152	2.0
4	158	3.0
4	159	1.0
4	161	3.0
4	163	1.0
4	164	2.0
4	168	1.0
4	170	2.0
4	171	2.0
4	172	2.0
4	177	1.0
4	185	2.0
4	186	1.0
4	188	1.0
4	198	1.0
4	200	1.0
4	207	1.0
4	211	1.0
5	0	61.0
5	1	157.0
5	2	59.0
5	3	44.0
5	4	306.0
5	5	6175.0
5	6	51.0
5	7	61.0
5	8	15.0
5	9	87.0
5	10	2.0
5	11	66.0
5	12	54.0
5	13	2.0
5	14	28.0
5	15	1.0
5	16	6.0
5	17	5.0
5	18	29.0
5	19	2.0
5	21	1.0
5	22	2.0
5	23	1.0
5	24	2.0
5	25	2.0
5	26	16.0
5	27	1.0
5	28	1.0
5	29	4.0
5	30	19.0
5	31	1.0
5	32	4.0
5	33	9.0
5	35	3.0
5	38	6.0
5	39	14.0
5	40	4.0
5	42	2.0
5	44	2.0
5	48	8.0
5	49	1.0
5	50	5.0
5	52	3.0
5	53	3.0
5	55	4.0
5	56	4.0
5	57	4.0
5	58	3.0
5	60	1.0
5	66	7.0
5	67	1.0
5	69	2.0
5	70	4.0
5	72	2.0
5	73	1.0
5	79	2.0
5	80	2.0
5	88	2.0
5	95	1.0
5	100	5.0
5	103	1.0
5	110	2.0
5	116	3.0
5	119	2.0
5	127	2.0
5	133	2.0
5	134	2.0
5	152	1.0
5	161	1.0
5	162	2.0
5	163	1.0
5	197	1.0
5	202	1.0
5	233	1.0
6	0	51.0
6	1	17.0
6	4	2.0
6	5	51.0
6	6	2706.0
6	7	1.0
6	9	2.0
6	11	1.0
6	12	2.0
6	16	2.0
6	18	1.0
6	30	1.0
6	37	1.0
6	40	2.0
6	62	1.0
6	70	1.0
6	108	1.0
6	148	1.0
7	0	155.0
7	1	118.0
7	2	155.0
7	3	25.0
7	4	57.0
7	5	61.0
7	6	1.0
7	7	3646.0
7	8	28.0
7	9	94.0
7	11	19.0
7	12	57.0
7	14	69.0
7	15	1.0
7	17	19.0
7	20	4.0
7	21	9.0
7	23	2.0
7	25	2.0
7	26	21.0
7	28	4.0
7	29	3.0
7	30	21.0
7	33	1.0
7	35	3.0
7	36	3.0
7	37	4.0
7	40	1.0
7	42	4.0
7	43	1.0
7	44	1.0
7	45	1.0
7	46	1.0
7	48	1.0
7	50	8.0
7	52	13.0
7	55	5.0
7	56	1.0
7	57	1.0
7	58	4.0
7	68	11.0
7	69	3.0
7	70	1.0
7	72	1.0
7	73	2.0
7	74	13.0
7	77	8.0
7	80	1.0
7	89	2.0
7	98	1.0
7	100	5.0
7	105	2.0
7	106	2.0
7	117	1.0
7	133	2.0
7	134	1.0
7	136	2.0
7	141	1.0
7	143	1.0
7	144	1.0
7	145	1.0
7	147	2.0
7	148	1.0
7	149	2.0
7	158	1.0
7	160	1.0
7	164	3.0
7	170	2.0
7	172	2.0
7	175	2.0
7	177	1.0
7	179	1.0
7	199	1.0
7	202	1.0
8	0	76.0
8	1	10.0
8	2	9.0
8	3	6.0
8	4	51.0
8	5	15.0
8	7	28.0
8	8	2361.0
8	9	38.0
8	11	6.0
8	12	33.0
8	14	32.0
8	17	9.0
8	20	1.0
8	22	3.0
8	23	6.0
8	26	23.0
8	28	4.0
8	29	1.0
8	30	24.0
8	39	4.0
8	42	3.0
8	45	1.0
8	48	1.0
8	52	1.0
8	54	1.0
8	55	1.0
8	57	6.0
8	75	5.0
8	82	2.0
8	88	2.0
8	95	3.0
8	98	1.0
8	137	1.0
8	140	1.0
8	142	1.0
8	153	2.0
8	199	2.0
8	202	2.0
8	213	3.0
8	214	1.0
9	0	36.0
9	1	108.0
9	2	114.0
9	3	14.0
9	4	131.0
9	5	87.0
9	6	2.0
9	7	94.0
9	8	38.0
9	9	4541.0
9	11	18.0
9	12	71.0
9	13	2.0
9	14	48.0
9	15	2.0
9	16	3.0
9	17	10.0
9	18	1.0
9	19	1.0
9	21	7.0
9	22	2.0
9	23	3.0
9	24	1.0
9	26	24.0
9	28	5.0
9	29	4.0
9	30	28.0
9	32	11.0
9	33	12.0
9	35	2.0
9	36	3.0
9	37	4.0
9	38	4.0
9	39	23.0
9	41	1.0
9	45	1.0
9	46	6.0
9	47	3.0
9	49	3.0
9	50	22.0
9	51	9.0
9	52	10.0
9	53	3.0
9	54	5.0
9	55	7.0
9	57	3.0
9	58	3.0
9	59	1.0
9	60	1.0
9	63	5.0
9	67	2.0
9	68	1.0
9	69	3.0
9	70	4.0
9	74	5.0
9	78	3.0
9	80	2.0
9	81	1.0
9	82	7.0
9	84	2.0
9	86	4.0
9	87	1.0
9	88	1.0
9	89	2.0
9	96	2.0
9	100	6.0
9	102	1.0
9	105	2.0
9	107	2.0
9	108	2.0
9	109	4.0
9	111	3.0
9	113	1.0
9	116	1.0
9	125	4.0
9	128	1.0
9	134	1.0
9	136	1.0
9	137	3.0
9	139	1.0
9	142	3.0
9	144	1.0
9	145	4.0
9	152	4.0
9	155	1.0
9	160	2.0
9	168	2.0
9	197	1.0
9	204	1.0
9	211	1.0
9	216	1.0
10	0	15.0
10	1	40.0
10	2	3.0
10	4	6.0
10	5	2.0
10	10	624.0
10	12	1.0
10	13	1.0
10	16	2.0
10	22	1.0
10	31	1.0
10	40	1.0
10	124	1.0
10	181	3.0
11	0	23.0
11	1	53.0
11	2	14.0
11	3	20.0
11	4	50.0
11	5	66.0
11	6	1.0
11	7	19.0
11	8	6.0
11	9	18.0
11	11	4495.0
11	12	19.0
11	13	3.0
11	14	17.0
11	15	6.0
11	16	13.0
11	17	10.0
11	18	1.0
11	22	15.0
11	23	1.0
11	25	5.0
11	26	11.0
11	27	15.0
11	28	5.0
11	29	11.0
11	30	10.0
11	32	1.0
11	35	1.0
11	36	1.0
11	37	5.0
11	38	3.0
11	39	3.0
11	40	3.0
11	45	8.0
11	49	1.0
11	50	1.0
11	53	1.0
11	54	2.0
11	63	1.0
11	64	1.0
11	65	4.0
11	66	1.0
11	67	2.0
11	68	3.0
11	70	6.0
11	72	4.0
11	73	6.0
11	77	2.0
11	82	1.0
11	85	3.0
11	87	1.0
11	92	2.0
11	98	4.0
11	99	1.0
11	100	1.0
11	103	1.0
11	105	2.0
11	106	1.0
11	125	2.0
11	131	2.0
11	132	1.0
11	139	2.0
11	142	1.0
11	155	4.0
11	161	1.0
11	163	1.0
11	170	2.0
11	177	2.0
11	202	1.0
11	212	1.0
12	0	50.0
12	1	164.0
12	2	110.0
12	3	53.0
12	4	131.0
12	5	54.0
12	6	2.0
12	7	57.0
12	8	33.0
12	9	71.0
12	10	1.0
12	11	19.0
12	12	5835.0
12	13	3.0
12	14	28.0
12	15	3.0
12	17	20.0
12	19	9.0
12	21	2.0
12	22	3.0
12	25	1.0
12	26	5.0
12	28	10.0
12	29	9.0
12	30	19.0
12	32	4.0
12	33	3.0
12	35	5.0
12	36	1.0
12	37	1.0
12	39	14.0
12	40	15.0
12	41	4.0
12	42	9.0
12	44	4.0
12	45	1.0
12	46	3.0
12	47	5.0
12	48	2.0
12	49	2.0
12	50	1.0
12	51	1.0
12	53	6.0
12	54	10.0
12	55	9.0
12	58	5.0
12	59	3.0
12	60	4.0
12	61	1.0
12	62	1.0
12	65	1.0
12	69	4.0
12	72	2.0
12	73	2.0
12	78	2.0
12	83	1.0
12	84	1.0
12	85	1.0
12	88	1.0
12	94	1.0
12	95	3.0
12	96	2.0
12	99	2.0
12	101	8.0
12	115	1.0
12	116	3.0
12	117	1.0
12	119	2.0
12	122	8.0
12	125	1.0
12	126	2.0
12	130	2.0
12	137	3.0
12	145	3.0
12	148	1.0
12	153	2.0
12	166	2.0
12	168	3.0
12	187	3.0
12	199	2.0
12	207	3.0
13	0	96.0
13	1	117.0
13	2	29.0
13	3	3.0
13	4	5.0
13	5	2.0
13	9	2.0
13	10	1.0
13	11	3.0
13	12	3.0
13	13	740.0
13	14	2.0
13	15	9.0
13	17	3.0
13	27	3.0
13	28	2.0
13	30	1.0
13	39	2.0
13	44	1.0
13	45	1.0
13	91	3.0
13	102	2.0
13	103	1.0
13	110	3.0
13	116	2.0
13	133	1.0
13	146	1.0
13	164	1.0
13	170	4.0
14	0	38.0
14	1	75.0
14	2	79.0
14	3	35.0
14	4	74.0
14	5	28.0
14	7	69.0
14	8	32.0
14	9	48.0
14	11	17.0
14	12	28.0
14	13	2.0
14	14	2031.0
14	15	4.0
14	17	6.0
14	21	3.0
14	22	1.0
14	23	4.0
14	25	2.0
14	26	26.0
14	28	10.0
14	29	2.0
14	30	16.0
14	36	4.0
14	38	1.0
14	39	3.0
14	41	1.0
14	42	3.0
14	47	4.0
14	48	2.0
14	50	4.0
14	51	3.0
14	54	3.0
14	55	13.0
14	56	1.0
14	57	7.0
14	65	3.0
14	67	1.0
14	68	2.0
14	69	2.0
14	70	3.0
14	77	3.0
14	79	1.0
14	82	2.0
14	83	2.0
14	97	1.0
14	100	1.0
14	103	1.0
14	104	1.0
14	109	1.0
14	110	1.0
14	130	4.0
14	132	4.0
14	144	1.0
14	147	4.0
14	152	1.0
14	155	3.0
14	166	2.0
14	188	2.0
14	191	6.0
14	205	3.0
14	211	1.0
14	228	2.0
15	0	15.0
15	1	39.0
15	2	7.0
15	3	17.0
15	4	15.0
15	5	1.0
15	7	1.0
15	9	2.0
15	11	6.0
15	12	3.0
15	13	9.0
15	14	4.0
15	15	236.0
15	17	1.0
15	19	1.0
15	25	1.0
15	30	2.0
15	37	1.0
15	39	2.0
15	44	1.0
15	46	2.0
15	58	1.0
15	81	2.0
15	86	1.0
15	91	1.0
15	92	1.0
15	104	1.0
15	109	1.0
15	116	1.0
15	174	1.0
15	175	1.0
15	188	1.0
16	1	12.0
16	3	61.0
16	4	11.0
16	5	6.0
16	6	2.0
16	9	3.0
16	10	2.0
16	11	13.0
16	16	2714.0
16	25	1.0
16	27	4.0
16	36	2.0
16	37	4.0
16	39	5.0
16	45	4.0
16	63	1.0
16	81	1.0
16	82	4.0
16	164	1.0
17	0	13.0
17	1	79.0
17	2	16.0
17	3	6.0
17	4	23.0
17	5	5.0
17	7	19.0
17	8	9.0
17	9	10.0
17	11	10.0
17	12	20.0
17	13	3.0
17	14	6.0
17	15	1.0
17	17	1990.0
17	19	2.0
17	21	1.0
17	22	1.0
17	25	4.0
17	27	8.0
17	28	2.0
17	29	3.0
17	30	3.0
17	31	5.0
17	32	1.0
17	36	4.0
17	37	5.0
17	39	12.0
17	41	2.0
17	42	1.0
17	44	3.0
17	45	11.0
17	48	2.0
17	49	2.0
17	52	3.0
17	57	3.0
17	62	3.0
17	63	1.0
17	64	1.0
17	81	2.0
17	82	2.0
17	84	1.0
17	87	4.0
17	91	4.0
17	93	1.0
17	102	10.0
17	106	1.0
17	109	1.0
17	124	1.0
17	131	2.0
17	146	2.0
17	155	3.0
17	164	3.0
17	166	2.0
17	170	1.0
18	0	8.0
18	1	22.0
18	2	5.0
18	3	3.0
18	4	8.0
18	5	29.0
18	6	1.0
18	9	1.0
18	11	1.0
18	18	1032.0
18	22	7.0
18	29	1.0
18	39	2.0
18	42	1.0
18	77	2.0
18	126	1.0
19	0	10.0
19	1	28.0
19	2	3.0
19	3	2.0
19	4	11.0
19	5	2.0
19	9	1.0
19	12	9.0
19	15	1.0
19	17	2.0
19	19	336.0
19	26	1.0
19	27	2.0
19	28	5.0
19	30	2.0
19	40	9.0
19	53	2.0
19	59	2.0
19	60	2.0
19	85	3.0
19	87	3.0
19	93	1.0
19	94	3.0
19	95	1.0
19	97	5.0
19	106	1.0
19	108	2.0
19	117	3.0
19	169	1.0
19	175	1.0
20	0	2.0
20	1	14.0
20	2	2.0
20	3	3.0
20	4	31.0
20	7	4.0
20	8	1.0
20	20	804.0
20	36	1.0
21	0	78.0
21	1	40.0
21	2	42.0
21	3	19.0
21	4	7.0
21	5	1.0
21	7	9.0
21	9	7.0
21	12	2.0
21	14	3.0
21	17	1.0
21	21	284.0
21	23	4.0
21	25	5.0
21	28	5.0
21	30	3.0
21	31	1.0
21	39	2.0
21	43	4.0
21	47	4.0
21	51	1.0
21	57	2.0
21	80	2.0
21	100	2.0
21	136	3.0
21	150	2.0
21	159	3.0
21	176	1.0
22	0	3.0
22	1	56.0
22	2	10.0
22	3	14.0
22	4	30.0
22	5	2.0
22	8	3.0
22	9	2.0
22	10	1.0
22	11	15.0
22	12	3.0
22	14	1.0
22	17	1.0
22	18	7.0
22	22	380.0
22	25	1.0
22	26	6.0
22	28	3.0
22	29	15.0
22	34	1.0
22	36	2.0
22	37	2.0
22	38	2.0
22	39	1.0
22	40	2.0
22	45	1.0
22	52	2.0
22	66	4.0
22	73	2.0
22	78	4.0
22	106	5.0
22	113	1.0
22	118	1.0
22	128	1.0
22	149	2.0
22	159	1.0
22	164	1.0
22	169	1.0
23	0	17.0
23	1	11.0
23	2	6.0
23	3	3.0
23	5	1.0
23	7	2.0
23	8	6.0
23	9	3.0
23	11	1.0
23	14	4.0
23	21	4.0
23	23	1034.0
23	26	2.0
23	38	1.0
23	43	2.0
23	54	4.0
24	1	1.0
24	2	2.0
24	4	3.0
24	5	2.0
24	9	1.0
24	24	1048.0
24	30	1.0
24	67	2.0
25	0	18.0
25	1	13.0
25	2	1.0
25	4	9.0
25	5	2.0
25	7	2.0
25	11	5.0
25	12	1.0
25	14	2.0
25	15	1.0
25	16	1.0
25	17	4.0
25	21	5.0
25	22	1.0
25	25	66.0
25	27	6.0
25	28	6.0
25	36	4.0
25	39	1.0
25	74	1.0
25	98	5.0
25	118	2.0
25	127	2.0
25	203	1.0
26	0	5.0
26	1	10.0
26	2	15.0
26	3	27.0
26	4	40.0
26	5	16.0
26	7	21.0
26	8	23.0
26	9	24.0
26	11	11.0
26	12	5.0
26	14	26.0
26	19	1.0
26	22	6.0
26	23	2.0
26	26	714.0
26	28	8.0
26	29	8.0
26	30	13.0
26	32	4.0
26	35	2.0
26	40	7.0
26	50	4.0
26	52	1.0
26	53	1.0
26	54	2.0
26	58	6.0
26	59	3.0
26	63	2.0
26	65	5.0
26	66	2.0
26	68	1.0
26	69	2.0
26	73	1.0
26	82	1.0
26	86	2.0
26	98	2.0
26	99	3.0
26	103	1.0
26	109	1.0
26	114	1.0
26	132	3.0
26	145	1.0
26	154	1.0
26	190	1.0
26	202	1.0
27	1	36.0
27	4	10.0
27	5	1.0
27	11	15.0
27	13	3.0
27	16	4.0
27	17	8.0
27	19	2.0
27	25	6.0
27	27	176.0
27	28	2.0
27	36	7.0
27	37	2.0
27	39	4.0
27	45	2.0
27	64	1.0
27	81	2.0
27	82	1.0
27	98	1.0
27	109	2.0
27	178	1.0
28	0	29.0
28	1	55.0
28	2	19.0
28	3	9.0
28	4	19.0
28	5	1.0
28	7	4.0
28	8	4.0
28	9	5.0
28	11	5.0
28	12	10.0
28	13	2.0
28	14	10.0
28	17	2.0
28	19	5.0
28	21	5.0
28	22	3.0
28	25	6.0
28	26	8.0
28	27	2.0
28	28	348.0
28	29	5.0
28	30	9.0
28	31	1.0
28	36	5.0
28	39	1.0
28	40	12.0
28	41	1.0
28	50	2.0
28	58	1.0
28	59	1.0
28	73	4.0
28	81	1.0
28	83	1.0
28	86	2.0
28	90	1.0
28	95	2.0
28	110	1.0
28	119	1.0
28	159	4.0
28	177	2.0
28	200	1.0
29	0	12.0
29	1	31.0
29	2	8.0
29	4	27.0
29	5	4.0
29	7	3.0
29	8	1.0
29	9	4.0
29	11	11.0
29	12	9.0
29	14	2.0
29	17	3.0
29	18	1.0
29	22	15.0
29	26	8.0
29	28	5.0
29	29	346.0
29	50	1.0
29	54	3.0
29	64	3.0
29	73	1.0
29	92	2.0
29	98	2.0
29	113	1.0
29	130	1.0
29	147	1.0
30	0	12.0
30	1	26.0
30	2	13.0
30	3	4.0
30	4	14.0
30	5	19.0
30	6	1.0
30	7	21.0
30	8	24.0
30	9	28.0
30	11	10.0
30	12	19.0
30	13	1.0
30	14	16.0
30	15	2.0
30	17	3.0
30	19	2.0
30	21	3.0
30	24	1.0
30	26	13.0
30	28	9.0
30	30	928.0
30	35	1.0
30	36	3.0
30	37	1.0
30	39	4.0
30	47	3.0
30	48	1.0
30	49	1.0
30	51	3.0
30	52	4.0
30	54	8.0
30	73	1.0
30	79	3.0
30	82	1.0
30	87	3.0
30	91	1.0
30	99	4.0
30	103	1.0
30	116	1.0
30	127	1.0
30	135	1.0
30	137	3.0
30	138	1.0
30	144	2.0
30	147	1.0
30	160	1.0
30	168	1.0
30	189	1.0
30	190	1.0
31	0	17.0
31	1	10.0
31	2	16.0
31	3	2.0
31	4	3.0
31	5	1.0
31	10	1.0
31	17	5.0
31	21	1.0
31	28	1.0
31	31	98.0
31	47	2.0
31	57	2.0
31	110	1.0
31	136	2.0
32	0	3.0
32	1	3.0
32	4	5.0
32	5	4.0
32	9	11.0
32	11	1.0
32	12	4.0
32	17	1.0
32	26	4.0
32	32	442.0
32	35	1.0
32	40	1.0
32	45	2.0
32	50	4.0
32	55	1.0
32	68	6.0
32	74	1.0
32	89	1.0
32	152	1.0
32	177	1.0
33	1	15.0
33	3	8.0
33	4	14.0
33	5	9.0
33	7	1.0
33	9	12.0
33	12	3.0
33	33	184.0
33	37	3.0
33	39	5.0
33	44	1.0
33	46	2.0
33	62	1.0
33	63	4.0
33	78	3.0
33	82	2.0
33	103	1.0
33	119	2.0
33	121	5.0
33	148	1.0
33	178	1.0
34	0	61.0
34	1	41.0
34	2	2.0
34	3	17.0
34	4	5.0
34	22	1.0
34	34	226.0
34	104	1.0
35	0	2.0
35	1	13.0
35	2	1.0
35	3	2.0
35	4	3.0
35	5	3.0
35	7	3.0
35	9	2.0
35	11	1.0
35	12	5.0
35	26	2.0
35	30	1.0
35	32	1.0
35	35	50.0
35	40	1.0
35	55	5.0
35	204	1.0
36	0	12.0
36	1	12.0
36	2	7.0
36	4	10.0
36	7	3.0
36	9	3.0
36	11	1.0
36	12	1.0
36	14	4.0
36	16	2.0
36	17	4.0
36	20	1.0
36	22	2.0
36	25	4.0
36	27	7.0
36	28	5.0
36	30	3.0
36	36	334.0
36	39	3.0
36	44	1.0
36	73	4.0
36	77	3.0
36	91	1.0
36	106	1.0
36	143	1.0
36	170	2.0
37	0	2.0
37	1	28.0
37	3	2.0
37	4	14.0
37	6	1.0
37	7	4.0
37	9	4.0
37	11	5.0
37	12	1.0
37	15	1.0
37	16	4.0
37	17	5.0
37	22	2.0
37	27	2.0
37	30	1.0
37	33	3.0
37	37	104.0
37	39	3.0
37	42	1.0
37	44	8.0
37	45	2.0
37	62	2.0
37	63	1.0
37	64	3.0
37	81	1.0
37	87	3.0
37	91	3.0
37	108	1.0
37	109	1.0
37	124	1.0
37	128	1.0
38	1	5.0
38	2	1.0
38	3	1.0
38	4	7.0
38	5	6.0
38	9	4.0
38	11	3.0
38	14	1.0
38	22	2.0
38	23	1.0
38	38	98.0
38	40	3.0
38	78	2.0
38	115	3.0
38	147	1.0
39	0	11.0
39	1	56.0
39	2	3.0
39	3	2.0
39	4	12.0
39	5	14.0
39	8	4.0
39	9	23.0
39	11	3.0
39	12	14.0
39	13	2.0
39	14	3.0
39	15	2.0
39	16	5.0
39	17	12.0
39	18	2.0
39	21	2.0
39	22	1.0
39	25	1.0
39	27	4.0
39	28	1.0
39	30	4.0
39	33	5.0
39	36	3.0
39	37	3.0
39	39	506.0
39	40	1.0
39	41	1.0
39	44	3.0
39	45	2.0
39	49	2.0
39	62	3.0
39	64	1.0
39	78	1.0
39	79	1.0
39	81	1.0
39	93	1.0
39	100	1.0
39	102	2.0
39	106	1.0
39	108	3.0
39	112	2.0
39	116	1.0
39	118	2.0
39	119	3.0
39	124	4.0
39	125	3.0
39	129	2.0
39	131	3.0
39	151	2.0
39	172	1.0
39	174	1.0
39	178	1.0
40	0	18.0
40	1	29.0
40	2	8.0
40	3	9.0
40	4	27.0
40	5	4.0
40	6	2.0
40	7	1.0
40	10	1.0
40	11	3.0
40	12	15.0
40	19	9.0
40	22	2.0
40	26	7.0
40	28	12.0
40	32	1.0
40	35	1.0
40	38	3.0
40	39	1.0
40	40	398.0
40	42	1.0
40	53	2.0
40	55	1.0
40	57	4.0
40	60	4.0
40	65	3.0
40	67	7.0
40	72	1.0
40	85	2.0
40	93	2.0
40	94	2.0
40	95	3.0
40	97	2.0
40	101	4.0
40	104	1.0
40	148	8.0
40	155	2.0
40	159	2.0
41	1	18.0
41	3	2.0
41	4	2.0
41	9	1.0
41	12	4.0
41	14	1.0
41	17	2.0
41	28	1.0
41	39	1.0
41	41	75.0
41	87	2.0
41	116	1.0
41	133	3.0
41	141	1.0
42	0	1.0
42	1	16.0
42	2	2.0
42	4	7.0
42	5	2.0
42	7	4.0
42	8	3.0
42	12	9.0
42	14	3.0
42	17	1.0
42	18	1.0
42	37	1.0
42	40	1.0
42	42	188.0
42	50	3.0
42	52	2.0
42	68	4.0
42	70	1.0
42	81	1.0
42	102	4.0
43	0	11.0
43	2	6.0
43	3	1.0
43	7	1.0
43	21	4.0
43	23	2.0
43	43	24.0
43	120	1.0
44	1	7.0
44	2	3.0
44	4	5.0
44	5	2.0
44	7	1.0
44	12	4.0
44	13	1.0
44	15	1.0
44	17	3.0
44	33	1.0
44	36	1.0
44	37	8.0
44	39	3.0
44	44	194.0
44	49	1.0
44	50	1.0
44	62	2.0
44	64	3.0
44	81	1.0
44	82	1.0
44	91	2.0
44	103	1.0
44	106	1.0
44	108	5.0
44	112	2.0
44	155	1.0
44	164	1.0
45	0	1.0
45	1	18.0
45	2	2.0
45	3	1.0
45	4	11.0
45	7	1.0
45	8	1.0
45	9	1.0
45	11	8.0
45	12	1.0
45	13	1.0
45	16	4.0
45	17	11.0
45	22	1.0
45	27	2.0
45	32	2.0
45	37	2.0
45	39	2.0
45	45	150.0
45	64	1.0
45	81	2.0
45	93	2.0
45	146	3.0
45	152	1.0
45	170	1.0
46	0	21.0
46	1	28.0
46	2	19.0
46	3	9.0
46	4	1.0
46	7	1.0
46	9	6.0
46	12	3.0
46	15	2.0
46	33	2.0
46	46	76.0
47	0	1.0
47	1	3.0
47	2	1.0
47	4	2.0
47	9	3.0
47	12	5.0
47	14	4.0
47	21	4.0
47	30	3.0
47	31	2.0
47	47	120.0
47	57	2.0
47	67	3.0
47	110	1.0
47	136	2.0
47	180	1.0
47	216	1.0
48	0	3.0
48	1	7.0
48	4	3.0
48	5	8.0
48	7	1.0
48	8	1.0
48	12	2.0
48	14	2.0
48	17	2.0
48	30	1.0
48	48	182.0
48	72	1.0
48	130	2.0
48	140	1.0
49	0	2.0
49	1	8.0
49	2	1.0
49	3	1.0
49	5	1.0
49	9	3.0
49	11	1.0
49	12	2.0
49	17	2.0
49	30	1.0
49	39	2.0
49	44	1.0
49	49	38.0
49	59	2.0
49	166	2.0
49	176	1.0
50	0	2.0
50	1	5.0
50	2	12.0
50	4	4.0
50	5	5.0
50	7	8.0
50	9	22.0
50	11	1.0
50	12	1.0
50	14	4.0
50	26	4.0
50	28	2.0
50	29	1.0
50	32	4.0
50	42	3.0
50	44	1.0
50	50	230.0
50	54	2.0
50	55	1.0
50	56	2.0
50	70	3.0
50	89	4.0
50	100	2.0
50	105	1.0
50	106	2.0
50	130	3.0
50	139	2.0
50	145	1.0
50	149	2.0
50	154	1.0
50	172	2.0
50	197	1.0
51	0	6.0
51	1	7.0
51	2	2.0
51	9	9.0
51	12	1.0
51	14	3.0
51	21	1.0
51	30	3.0
51	51	98.0
51	107	1.0
52	0	1.0
52	1	6.0
52	2	5.0
52	3	3.0
52	4	8.0
52	5	3.0
52	7	13.0
52	8	1.0
52	9	10.0
52	17	3.0
52	22	2.0
52	26	1.0
52	30	4.0
52	42	2.0
52	52	273.0
52	57	1.0
52	58	1.0
52	78	1.0
52	128	1.0
52	160	2.0
53	0	2.0
53	1	8.0
53	3	1.0
53	4	5.0
53	5	3.0
53	9	3.0
53	11	1.0
53	12	6.0
53	19	2.0
53	26	1.0
53	40	2.0
53	53	60.0
53	70	2.0
54	1	1.0
54	8	1.0
54	9	5.0
54	11	2.0
54	12	10.0
54	14	3.0
54	23	4.0
54	26	2.0
54	29	3.0
54	30	8.0
54	50	2.0
54	54	102.0
54	58	1.0
54	120	2.0
55	1	1.0
55	2	13.0
55	4	2.0
55	5	4.0
55	7	5.0
55	8	1.0
55	9	7.0
55	12	9.0
55	14	13.0
55	32	1.0
55	35	5.0
55	40	1.0
55	50	1.0
55	55	174.0
55	56	2.0
55	69	1.0
55	97	1.0
55	137	1.0
55	138	1.0
55	140	2.0
55	142	3.0
55	145	2.0
55	153	1.0
56	5	4.0
56	7	1.0
56	14	1.0
56	50	2.0
56	55	2.0
56	56	400.0
57	0	3.0
57	1	5.0
57	2	6.0
57	3	2.0
57	4	13.0
57	5	4.0
57	7	1.0
57	8	6.0
57	9	3.0
57	14	7.0
57	17	3.0
57	21	2.0
57	31	2.0
57	40	4.0
57	47	2.0
57	52	1.0
57	57	202.0
57	58	1.0
57	59	1.0
57	79	2.0
57	87	4.0
57	88	2.0
57	94	3.0
57	95	3.0
57	105	1.0
57	119	2.0
57	128	1.0
58	0	20.0
58	1	7.0
58	2	6.0
58	5	3.0
58	7	4.0
58	9	3.0
58	12	5.0
58	15	1.0
58	26	6.0
58	28	1.0
58	52	1.0
58	54	1.0
58	57	1.0
58	58	96.0
58	59	4.0
58	81	1.0
58	83	3.0
58	84	2.0
58	88	1.0
58	145	2.0
59	0	2.0
59	1	5.0
59	2	2.0
59	9	1.0
59	12	3.0
59	19	2.0
59	26	3.0
59	28	1.0
59	49	2.0
59	57	1.0
59	58	4.0
59	59	72.0
59	72	1.0
59	81	1.0
59	88	1.0
59	106	2.0
59	120	2.0
60	1	10.0
60	4	3.0
60	5	1.0
60	9	1.0
60	12	4.0
60	19	2.0
60	40	4.0
60	60	64.0
60	85	1.0
60	88	2.0
60	93	1.0
60	97	1.0
60	102	1.0
60	153	2.0
61	1	3.0
61	12	1.0
61	61	140.0
61	93	1.0
61	94	1.0
61	97	2.0
61	101	3.0
62	0	2.0
62	1	3.0
62	4	3.0
62	6	1.0
62	12	1.0
62	17	3.0
62	33	1.0
62	37	2.0
62	39	3.0
62	44	2.0
62	62	26.0
62	108	2.0
62	129	2.0
63	1	4.0
63	2	1.0
63	9	5.0
63	11	1.0
63	16	1.0
63	17	1.0
63	26	2.0
63	33	4.0
63	37	1.0
63	63	28.0
63	69	1.0
64	1	2.0
64	3	1.0
64	11	1.0
64	17	1.0
64	27	1.0
64	29	3.0
64	37	3.0
64	39	1.0
64	44	3.0
64	45	1.0
64	64	24.0
64	91	2.0
64	106	2.0
64	113	1.0
64	124	2.0
64	220	1.0
65	1	14.0
65	4	3.0
65	11	4.0
65	12	1.0
65	14	3.0
65	26	5.0
65	40	3.0
65	65	74.0
65	125	1.0
65	176	4.0
66	0	2.0
66	1	10.0
66	2	5.0
66	3	1.0
66	4	5.0
66	5	7.0
66	11	1.0
66	22	4.0
66	26	2.0
66	66	132.0
66	78	1.0
66	98	1.0
66	106	4.0
67	0	1.0
67	1	2.0
67	2	3.0
67	4	7.0
67	5	1.0
67	9	2.0
67	11	2.0
67	14	1.0
67	24	2.0
67	40	7.0
67	47	3.0
67	67	74.0
67	73	4.0
67	110	1.0
67	133	1.0
67	134	1.0
68	0	2.0
68	2	2.0
68	7	11.0
68	9	1.0
68	11	3.0
68	14	2.0
68	26	1.0
68	32	6.0
68	42	4.0
68	68	247.0
68	89	1.0
69	1	1.0
69	3	1.0
69	4	3.0
69	5	2.0
69	7	3.0
69	9	3.0
69	12	4.0
69	14	2.0
69	26	2.0
69	55	1.0
69	63	1.0
69	69	84.0
69	82	1.0
70	0	3.0
70	1	8.0
70	2	2.0
70	3	2.0
70	4	3.0
70	5	4.0
70	6	1.0
70	7	1.0
70	9	4.0
70	11	6.0
70	14	3.0
70	42	1.0
70	50	3.0
70	53	2.0
70	70	236.0
71	4	4.0
71	71	174.0
72	0	6.0
72	4	1.0
72	5	2.0
72	7	1.0
72	11	4.0
72	12	2.0
72	40	1.0
72	48	1.0
72	59	1.0
72	72	100.0
72	74	7.0
73	0	1.0
73	1	15.0
73	2	3.0
73	3	4.0
73	4	10.0
73	5	1.0
73	7	2.0
73	11	6.0
73	12	2.0
73	22	2.0
73	26	1.0
73	28	4.0
73	29	1.0
73	30	1.0
73	36	4.0
73	67	4.0
73	73	252.0
73	84	2.0
73	90	1.0
73	163	3.0
74	0	9.0
74	7	13.0
74	9	5.0
74	25	1.0
74	32	1.0
74	72	7.0
74	74	130.0
74	89	4.0
74	127	2.0
74	139	3.0
75	4	2.0
75	8	5.0
75	75	60.0
76	1	1.0
76	76	420.0
77	0	16.0
77	1	9.0
77	7	8.0
77	11	2.0
77	14	3.0
77	18	2.0
77	36	3.0
77	77	138.0
77	131	2.0
77	199	2.0
78	0	1.0
78	1	1.0
78	4	1.0
78	9	3.0
78	12	2.0
78	22	4.0
78	33	3.0
78	38	2.0
78	39	1.0
78	52	1.0
78	66	1.0
78	78	20.0
79	0	2.0
79	1	2.0
79	2	2.0
79	4	1.0
79	5	2.0
79	14	1.0
79	30	3.0
79	39	1.0
79	57	2.0
79	79	82.0
79	101	2.0
79	179	3.0
80	0	10.0
80	1	8.0
80	2	1.0
80	3	1.0
80	5	2.0
80	7	1.0
80	9	2.0
80	21	2.0
80	80	32.0
80	127	2.0
81	0	3.0
81	1	9.0
81	4	8.0
81	9	1.0
81	15	2.0
81	16	1.0
81	17	2.0
81	27	2.0
81	28	1.0
81	37	1.0
81	39	1.0
81	42	1.0
81	44	1.0
81	45	2.0
81	58	1.0
81	59	1.0
81	81	88.0
81	102	1.0
81	150	4.0
81	164	1.0
82	1	1.0
82	2	1.0
82	3	6.0
82	4	4.0
82	8	2.0
82	9	7.0
82	11	1.0
82	14	2.0
82	16	4.0
82	17	2.0
82	26	1.0
82	27	1.0
82	30	1.0
82	33	2.0
82	44	1.0
82	69	1.0
82	82	120.0
82	112	2.0
83	0	11.0
83	1	2.0
83	2	2.0
83	3	3.0
83	4	2.0
83	12	1.0
83	14	2.0
83	28	1.0
83	58	3.0
83	83	22.0
84	1	3.0
84	9	2.0
84	12	1.0
84	17	1.0
84	58	2.0
84	73	2.0
84	84	24.0
84	91	2.0
85	0	3.0
85	1	5.0
85	4	2.0
85	11	3.0
85	12	1.0
85	19	3.0
85	40	2.0
85	60	1.0
85	85	26.0
85	95	1.0
85	101	2.0
86	1	15.0
86	3	3.0
86	4	7.0
86	9	4.0
86	15	1.0
86	26	2.0
86	28	2.0
86	86	256.0
86	91	1.0
87	4	4.0
87	9	1.0
87	11	1.0
87	17	4.0
87	19	3.0
87	30	3.0
87	37	3.0
87	41	2.0
87	57	4.0
87	87	32.0
87	116	1.0
88	1	8.0
88	2	1.0
88	3	3.0
88	4	1.0
88	5	2.0
88	8	2.0
88	9	1.0
88	12	1.0
88	57	2.0
88	58	1.0
88	59	1.0
88	60	2.0
88	88	62.0
88	125	2.0
88	133	1.0
88	159	1.0
88	182	1.0
88	186	1.0
88	212	2.0
89	0	1.0
89	2	2.0
89	7	2.0
89	9	2.0
89	32	1.0
89	50	4.0
89	68	1.0
89	74	4.0
89	89	26.0
89	105	2.0
89	128	1.0
89	177	1.0
90	0	3.0
90	1	7.0
90	2	2.0
90	3	2.0
90	4	4.0
90	28	1.0
90	73	1.0
90	90	58.0
90	130	1.0
91	1	6.0
91	4	1.0
91	13	3.0
91	15	1.0
91	17	4.0
91	30	1.0
91	36	1.0
91	37	3.0
91	44	2.0
91	64	2.0
91	84	2.0
91	86	1.0
91	91	48.0
91	112	1.0
91	170	1.0
91	234	1.0
92	0	8.0
92	2	1.0
92	3	2.0
92	4	6.0
92	11	2.0
92	15	1.0
92	29	2.0
92	92	168.0
93	1	6.0
93	17	1.0
93	19	1.0
93	39	1.0
93	40	2.0
93	45	2.0
93	60	1.0
93	61	1.0
93	93	70.0
93	102	2.0
93	114	1.0
93	124	1.0
93	175	1.0
94	0	2.0
94	1	5.0
94	4	2.0
94	12	1.0
94	19	3.0
94	40	2.0
94	57	3.0
94	61	1.0
94	94	14.0
94	97	2.0
94	135	3.0
94	169	3.0
95	0	1.0
95	1	9.0
95	3	2.0
95	4	8.0
95	5	1.0
95	8	3.0
95	12	3.0
95	19	1.0
95	28	2.0
95	40	3.0
95	57	3.0
95	85	1.0
95	95	32.0
95	119	2.0
96	1	10.0
96	2	3.0
96	4	1.0
96	9	2.0
96	12	2.0
96	96	98.0
97	1	1.0
97	14	1.0
97	19	5.0
97	40	2.0
97	55	1.0
97	60	1.0
97	61	2.0
97	94	2.0
97	97	50.0
97	148	1.0
97	190	1.0
98	0	1.0
98	3	1.0
98	7	1.0
98	8	1.0
98	11	4.0
98	25	5.0
98	26	2.0
98	27	1.0
98	29	2.0
98	66	1.0
98	98	104.0
99	0	2.0
99	3	2.0
99	11	1.0
99	12	2.0
99	26	3.0
99	30	4.0
99	99	78.0
99	120	1.0
100	0	13.0
100	1	1.0
100	2	2.0
100	5	5.0
100	7	5.0
100	9	6.0
100	11	1.0
100	14	1.0
100	21	2.0
100	39	1.0
100	50	2.0
100	100	72.0
100	145	1.0
101	4	4.0
101	12	8.0
101	40	4.0
101	61	3.0
101	79	2.0
101	85	2.0
101	101	40.0
102	1	3.0
102	4	2.0
102	9	1.0
102	13	2.0
102	17	10.0
102	39	2.0
102	42	4.0
102	60	1.0
102	81	1.0
102	93	2.0
102	102	58.0
102	124	4.0
103	1	7.0
103	2	2.0
103	4	2.0
103	5	1.0
103	11	1.0
103	13	1.0
103	14	1.0
103	26	1.0
103	30	1.0
103	33	1.0
103	44	1.0
103	103	14.0
103	150	1.0
104	0	1.0
104	1	2.0
104	2	2.0
104	3	1.0
104	4	1.0
104	14	1.0
104	15	1.0
104	34	1.0
104	40	1.0
104	104	26.0
105	0	7.0
105	1	4.0
105	2	6.0
105	4	1.0
105	7	2.0
105	9	2.0
105	11	2.0
105	50	1.0
105	57	1.0
105	89	2.0
105	105	32.0
105	141	2.0
106	1	1.0
106	2	9.0
106	4	7.0
106	7	2.0
106	11	1.0
106	17	1.0
106	19	1.0
106	22	5.0
106	36	1.0
106	39	1.0
106	44	1.0
106	50	2.0
106	59	2.0
106	64	2.0
106	66	4.0
106	106	68.0
107	9	2.0
107	51	1.0
107	107	84.0
108	1	1.0
108	2	2.0
108	4	3.0
108	6	1.0
108	9	2.0
108	19	2.0
108	37	1.0
108	39	3.0
108	44	5.0
108	62	2.0
108	108	116.0
108	129	1.0
108	164	1.0
108	168	1.0
108	179	3.0
109	0	1.0
109	1	3.0
109	2	4.0
109	3	1.0
109	4	5.0
109	9	4.0
109	14	1.0
109	15	1.0
109	17	1.0
109	26	1.0
109	27	2.0
109	37	1.0
109	109	32.0
110	1	4.0
110	2	1.0
110	4	8.0
110	5	2.0
110	13	3.0
110	14	1.0
110	28	1.0
110	31	1.0
110	47	1.0
110	67	1.0
110	110	72.0
110	136	2.0
111	9	3.0
111	111	52.0
112	1	3.0
112	39	2.0
112	44	2.0
112	82	2.0
112	91	1.0
112	112	26.0
113	1	4.0
113	9	1.0
113	22	1.0
113	29	1.0
113	64	1.0
113	113	16.0
114	1	9.0
114	2	1.0
114	26	1.0
114	93	1.0
114	114	64.0
114	116	2.0
115	4	1.0
115	12	1.0
115	38	3.0
115	115	66.0
115	169	1.0
116	1	1.0
116	2	2.0
116	3	3.0
116	4	4.0
116	5	3.0
116	9	1.0
116	12	3.0
116	13	2.0
116	15	1.0
116	30	1.0
116	39	1.0
116	41	1.0
116	87	1.0
116	114	2.0
116	116	56.0
117	0	1.0
117	1	4.0
117	3	4.0
117	4	3.0
117	7	1.0
117	12	1.0
117	19	3.0
117	117	24.0
117	148	1.0
117	189	1.0
118	0	2.0
118	1	2.0
118	2	3.0
118	4	2.0
118	22	1.0
118	25	2.0
118	39	2.0
118	118	56.0
118	147	1.0
119	4	2.0
119	5	2.0
119	12	2.0
119	28	1.0
119	33	2.0
119	39	3.0
119	57	2.0
119	95	2.0
119	119	20.0
119	187	1.0
119	207	1.0
120	0	1.0
120	1	3.0
120	2	4.0
120	4	2.0
120	43	1.0
120	54	2.0
120	59	2.0
120	99	1.0
120	120	52.0
121	1	1.0
121	3	2.0
121	4	2.0
121	33	5.0
121	121	30.0
122	3	3.0
122	12	8.0
122	122	22.0
122	201	3.0
123	2	2.0
123	123	84.0
124	1	8.0
124	10	1.0
124	17	1.0
124	37	1.0
124	39	4.0
124	64	2.0
124	93	1.0
124	102	4.0
124	124	48.0
125	0	1.0
125	1	2.0
125	3	3.0
125	4	4.0
125	9	4.0
125	11	2.0
125	12	1.0
125	39	3.0
125	65	1.0
125	88	2.0
125	125	26.0
125	211	1.0
126	1	6.0
126	2	2.0
126	4	2.0
126	12	2.0
126	18	1.0
126	126	20.0
126	140	1.0
127	0	1.0
127	1	1.0
127	2	5.0
127	4	3.0
127	5	2.0
127	25	2.0
127	30	1.0
127	74	2.0
127	80	2.0
127	127	50.0
128	1	2.0
128	2	1.0
128	4	3.0
128	9	1.0
128	22	1.0
128	37	1.0
128	52	1.0
128	57	1.0
128	89	1.0
128	128	12.0
129	1	6.0
129	4	1.0
129	39	2.0
129	62	2.0
129	108	1.0
129	129	44.0
130	0	10.0
130	4	2.0
130	12	2.0
130	14	4.0
130	29	1.0
130	48	2.0
130	50	3.0
130	90	1.0
130	130	90.0
130	154	1.0
131	0	1.0
131	1	6.0
131	11	2.0
131	17	2.0
131	39	3.0
131	77	2.0
131	131	53.0
132	1	5.0
132	3	2.0
132	4	1.0
132	11	1.0
132	14	4.0
132	26	3.0
132	132	18.0
133	0	6.0
133	1	4.0
133	2	1.0
133	3	1.0
133	4	1.0
133	5	2.0
133	7	2.0
133	13	1.0
133	41	3.0
133	67	1.0
133	88	1.0
133	133	36.0
133	168	1.0
133	188	1.0
134	4	1.0
134	5	2.0
134	7	1.0
134	9	1.0
134	67	1.0
134	134	42.0
135	1	3.0
135	30	1.0
135	94	3.0
135	135	32.0
136	0	2.0
136	1	4.0
136	3	1.0
136	4	3.0
136	7	2.0
136	9	1.0
136	21	3.0
136	31	2.0
136	47	2.0
136	110	2.0
136	136	82.0
137	8	1.0
137	9	3.0
137	12	3.0
137	30	3.0
137	55	1.0
137	137	36.0
137	140	3.0
138	2	1.0
138	30	1.0
138	55	1.0
138	138	36.0
138	139	1.0
139	9	1.0
139	11	2.0
139	50	2.0
139	74	3.0
139	138	1.0
139	139	36.0
139	229	1.0
140	1	1.0
140	4	1.0
140	8	1.0
140	48	1.0
140	55	2.0
140	126	1.0
140	137	3.0
140	140	24.0
140	153	1.0
141	7	1.0
141	41	1.0
141	105	2.0
141	141	36.0
141	220	1.0
142	3	1.0
142	8	1.0
142	9	3.0
142	11	1.0
142	55	3.0
142	142	62.0
143	1	2.0
143	4	1.0
143	7	1.0
143	36	1.0
143	143	36.0
143	220	2.0
144	1	2.0
144	2	1.0
144	7	1.0
144	9	1.0
144	14	1.0
144	30	2.0
144	144	32.0
144	178	1.0
145	1	2.0
145	3	2.0
145	4	2.0
145	7	1.0
145	9	4.0
145	12	3.0
145	26	1.0
145	50	1.0
145	55	2.0
145	58	2.0
145	100	1.0
145	145	60.0
146	1	1.0
146	13	1.0
146	17	2.0
146	45	3.0
146	146	18.0
147	0	3.0
147	1	1.0
147	2	5.0
147	4	4.0
147	7	2.0
147	14	4.0
147	29	1.0
147	30	1.0
147	38	1.0
147	118	1.0
147	147	26.0
148	1	6.0
148	3	1.0
148	4	3.0
148	6	1.0
148	7	1.0
148	12	1.0
148	33	1.0
148	40	8.0
148	97	1.0
148	117	1.0
148	148	84.0
148	204	2.0
149	1	1.0
149	2	3.0
149	4	1.0
149	7	2.0
149	22	2.0
149	50	2.0
149	149	38.0
150	1	5.0
150	4	2.0
150	21	2.0
150	81	4.0
150	103	1.0
150	150	40.0
151	1	3.0
151	39	2.0
151	151	36.0
152	4	2.0
152	5	1.0
152	9	4.0
152	14	1.0
152	32	1.0
152	45	1.0
152	152	24.0
153	8	2.0
153	12	2.0
153	55	1.0
153	60	2.0
153	140	1.0
153	153	16.0
154	26	1.0
154	50	1.0
154	130	1.0
154	154	18.0
154	190	2.0
155	1	1.0
155	3	1.0
155	9	1.0
155	11	4.0
155	14	3.0
155	17	3.0
155	40	2.0
155	44	1.0
155	155	40.0
156	1	1.0
156	2	2.0
156	156	56.0
157	0	1.0
157	1	2.0
157	157	64.0
158	0	2.0
158	1	2.0
158	4	3.0
158	7	1.0
158	158	24.0
159	1	1.0
159	3	1.0
159	4	1.0
159	21	3.0
159	22	1.0
159	28	4.0
159	40	2.0
159	88	1.0
159	159	28.0
160	1	1.0
160	2	5.0
160	7	1.0
160	9	2.0
160	30	1.0
160	52	2.0
160	160	56.0
161	1	1.0
161	3	1.0
161	4	3.0
161	5	1.0
161	11	1.0
161	161	18.0
162	0	6.0
162	1	4.0
162	5	2.0
162	162	26.0
163	1	4.0
163	4	1.0
163	5	1.0
163	11	1.0
163	73	3.0
163	163	22.0
164	1	2.0
164	4	2.0
164	7	3.0
164	13	1.0
164	16	1.0
164	17	3.0
164	22	1.0
164	44	1.0
164	81	1.0
164	108	1.0
164	164	48.0
164	216	1.0
165	2	1.0
165	165	74.0
166	0	2.0
166	1	2.0
166	2	1.0
166	12	2.0
166	14	2.0
166	17	2.0
166	49	2.0
166	166	30.0
166	176	2.0
167	0	3.0
167	1	2.0
167	2	3.0
167	167	20.0
168	1	1.0
168	2	1.0
168	3	1.0
168	4	1.0
168	9	2.0
168	12	3.0
168	30	1.0
168	108	1.0
168	133	1.0
168	168	24.0
169	19	1.0
169	22	1.0
169	94	3.0
169	115	1.0
169	169	14.0
169	189	2.0
170	1	4.0
170	3	1.0
170	4	2.0
170	7	2.0
170	11	2.0
170	13	4.0
170	17	1.0
170	36	2.0
170	45	1.0
170	91	1.0
170	170	48.0
171	1	3.0
171	2	2.0
171	4	2.0
171	171	10.0
172	2	1.0
172	4	2.0
172	7	2.0
172	39	1.0
172	50	2.0
172	172	34.0
173	173	90.0
174	0	3.0
174	1	4.0
174	3	2.0
174	15	1.0
174	39	1.0
174	174	14.0
175	7	2.0
175	15	1.0
175	19	1.0
175	93	1.0
175	175	24.0
176	0	1.0
176	21	1.0
176	49	1.0
176	65	4.0
176	166	2.0
176	176	18.0
177	4	1.0
177	7	1.0
177	11	2.0
177	28	2.0
177	32	1.0
177	89	1.0
177	177	24.0
178	0	3.0
178	1	1.0
178	27	1.0
178	33	1.0
178	39	1.0
178	144	1.0
178	178	22.0
179	0	4.0
179	1	1.0
179	2	1.0
179	7	1.0
179	79	3.0
179	108	3.0
179	179	42.0
180	1	5.0
180	47	1.0
180	180	18.0
181	10	3.0
181	181	54.0
182	1	2.0
182	3	2.0
182	88	1.0
182	182	32.0
183	183	52.0
184	184	70.0
185	0	1.0
185	4	2.0
185	185	42.0
186	1	1.0
186	3	1.0
186	4	1.0
186	88	1.0
186	186	20.0
187	1	2.0
187	12	3.0
187	119	1.0
187	187	14.0
188	4	1.0
188	14	2.0
188	15	1.0
188	133	1.0
188	188	18.0
189	30	1.0
189	117	1.0
189	169	2.0
189	189	38.0
190	26	1.0
190	30	1.0
190	97	1.0
190	154	2.0
190	190	34.0
191	14	6.0
191	191	20.0
192	1	1.0
192	192	24.0
193	193	30.0
194	194	28.0
195	195	56.0
196	0	2.0
196	2	1.0
196	196	11.0
197	5	1.0
197	9	1.0
197	50	1.0
197	197	20.0
198	4	1.0
198	198	14.0
199	7	1.0
199	8	2.0
199	12	2.0
199	77	2.0
199	199	14.0
200	0	4.0
200	1	1.0
200	2	1.0
200	4	1.0
200	28	1.0
200	200	22.0
201	122	3.0
201	201	14.0
202	3	1.0
202	5	1.0
202	7	1.0
202	8	2.0
202	11	1.0
202	26	1.0
202	202	16.0
203	25	1.0
203	203	12.0
204	9	1.0
204	35	1.0
204	148	2.0
204	204	46.0
205	14	3.0
205	205	18.0
206	0	2.0
206	1	2.0
206	206	12.0
207	4	1.0
207	12	3.0
207	119	1.0
207	207	20.0
208	208	26.0
209	209	42.0
210	210	42.0
211	4	1.0
211	9	1.0
211	14	1.0
211	125	1.0
211	211	12.0
212	2	3.0
212	11	1.0
212	88	2.0
212	212	14.0
213	8	3.0
213	213	12.0
213	234	2.0
214	0	1.0
214	1	1.0
214	8	1.0
214	214	20.0
215	2	2.0
215	215	10.0
216	9	1.0
216	47	1.0
216	164	1.0
216	216	10.0
217	217	18.0
218	218	24.0
219	0	5.0
219	219	16.0
220	3	1.0
220	64	1.0
220	141	1.0
220	143	2.0
220	220	16.0
220	228	1.0
221	221	22.0
222	222	18.0
223	223	22.0
224	224	18.0
225	0	5.0
225	225	12.0
226	226	30.0
227	227	18.0
228	14	2.0
228	220	1.0
228	228	10.0
229	0	2.0
229	139	1.0
229	229	6.0
230	1	2.0
230	230	14.0
231	231	12.0
232	232	18.0
233	5	1.0
233	233	10.0
234	91	1.0
234	213	2.0
234	234	14.0
235	235	12.0
236	236	16.0
237	237	12.0
238	238	20.0
239	239	20.0
240	240	12.0
241	241	18.0
242	242	14.0
243	243	18.0
244	244	14.0
245	245	20.0
246	246	8.0
247	247	10.0
248	248	12.0
249	1	1.0
249	249	6.0
250	250	8.0
251	251	8.0
252	252	12.0
253	253	12.0
254	254	12.0
255	255	8.0
256	256	10.0
257	257	12.0
258	258	6.0
259	259	8.0
260	260	12.0
261	261	12.0
262	262	8.0
263	263	10.0
264	264	8.0
265	265	12.0
266	266	6.0
267	267	8.0
268	268	12.0
269	269	12.0
270	270	12.0
271	271	12.0
272	272	8.0
273	273	12.0
274	274	8.0
275	275	12.0
276	276	10.0
277	277	12.0
278	278	6.0
279	279	6.0
280	280	6.0
281	281	4.0
282	282	6.0
283	283	6.0
284	284	6.0
285	285	6.0
286	286	4.0
287	287	4.0
288	288	6.0
289	289	4.0
290	290	6.0
291	291	6.0
292	292	4.0
293	293	6.0
294	294	6.0
295	295	6.0
296	296	6.0
297	297	6.0
298	298	6.0
299	299	4.0
300	300	6.0
301	301	6.0
302	302	6.0
303	303	6.0
304	304	4.0
305	305	4.0
306	306	4.0
307	307	6.0
308	308	6.0
309	309	6.0
310	310	6.0
311	311	4.0
312	312	6.0
313	313	6.0
314	314	6.0
315	315	6.0
316	316	6.0
317	317	4.0
318	318	6.0
319	319	6.0
320	320	4.0
321	321	6.0
322	322	6.0
323	323	6.0
324	324	4.0
325	325	6.0
326	326	6.0
327	327	4.0
328	328	6.0
329	329	6.0
330	330	6.0
331	331	6.0
332	332	2.0
333	333	2.0
334	334	2.0
335	335	1.0
336	336	2.0
337	337	2.0
338	338	2.0
339	339	2.0
340	340	2.0
341	341	2.0
342	342	2.0
343	343	2.0
344	344	2.0
345	345	2.0
346	346	2.0
347	347	2.0
348	348	2.0
349	349	2.0
350	350	2.0
351	351	2.0
352	352	2.0
353	353	2.0
354	354	2.0
355	355	2.0
356	356	2.0
357	357	2.0
358	358	2.0
359	359	2.0
360	360	2.0
361	361	2.0
362	362	2.0
363	363	2.0
364	364	2.0
365	365	2.0
366	366	2.0
367	367	2.0
368	368	2.0
369	369	2.0
370	370	2.0
371	371	2.0
372	372	2.0
373	373	2.0
374	374	2.0
375	375	2.0
376	376	2.0
377	377	2.0
378	378	2.0
379	379	2.0
380	380	2.0
381	381	2.0
382	382	2.0
383	383	2.0
384	384	2.0
385	385	2.0
386	386	2.0
387	387	2.0
388	388	2.0
389	389	2.0
390	390	2.0
391	391	2.0
392	392	2.0
393	393	2.0
394	394	2.0
395	395	2.0
396	396	2.0
397	397	2.0
398	398	2.0
399	399	2.0
400	400	2.0
401	401	2.0
402	402	2.0
403	403	2.0
404	404	2.0
405	405	2.0
406	406	2.0
407	407	2.0
408	408	2.0
409	409	2.0
410	410	2.0
411	411	2.0
412	412	2.0
413	413	2.0
414	414	2.0
415	415	2.0
416	416	2.0
417	417	2.0
418	418	2.0
419	419	2.0
420	420	2.0
421	421	2.0
422	422	2.0
423	423	2.0
424	424	2.0
425	425	2.0
426	426	2.0
427	427	2.0
428	428	2.0
429	429	2.0
430	430	2.0
431	431	2.0
432	432	2.0
433	433	2.0
434	434	1.0
435	435	2.0
436	436	2.0
437	437	2.0
438	438	2.0
439	439	2.0
440	440	2.0
441	441	2.0
442	442	2.0
443	443	2.0
444	444	2.0
445	445	2.0
446	446	2.0
447	447	2.0
448	448	2.0
449	449	2.0
450	450	2.0
451	451	2.0
452	452	2.0
453	453	2.0
454	454	2.0
455	455	2.0
456	456	2.0
457	457	2.0
458	458	2.0
459	459	2.0
460	460	2.0
461	461	2.0
462	462	2.0
463	463	2.0
464	464	2.0
465	465	2.0
466	466	2.0
467	467	2.0
468	468	2.0
469	469	2.0
470	470	2.0
471	471	2.0
472	472	2.0
473	473	2.0
474	474	2.0
475	475	2.0
476	476	2.0
477	477	2.0
478	478	2.0
479	479	2.0
480	480	2.0
481	481	2.0
482	482	2.0
483	483	2.0
484	484	2.0
485	485	2.0
486	486	2.0
487	487	2.0
488	488	2.0
489	489	2.0
490	490	2.0
491	491	2.0
492	492	2.0
493	493	2.0
