Number of Nodes: 187 Number of Edges: 1461
Old Modulairty: -6.039046004050414E-4 New Modularity: -6.039046004050466E-4
0	0	50.0
0	1	1.0
0	4	1.0
0	7	1.0
0	8	400.0
0	9	1.0
0	10	1.0
0	12	293.0
0	13	1.0
0	15	3.0
0	25	1.0
0	26	173.0
0	28	7.0
0	35	1.0
0	45	1.0
0	47	1.0
0	51	3.0
0	62	1.0
0	65	1.0
0	66	39.0
0	68	50.0
0	72	1.0
0	78	2.0
0	81	5.0
0	100	1.0
0	101	12.0
0	102	9.0
0	106	2.0
0	110	1.0
0	124	1.0
0	132	3.0
0	133	3.0
0	138	1.0
0	143	1.0
0	156	3.0
0	157	1.0
0	167	2.0
0	168	2.0
0	169	2.0
0	170	2.0
0	171	2.0
1	0	1.0
1	1	20.0
1	8	2.0
1	23	225.0
1	24	1.0
1	27	1.0
1	28	476.0
1	29	1.0
1	30	7.0
1	31	1.0
1	32	1.0
1	34	1.0
1	40	1.0
1	51	1.0
1	66	1.0
1	72	1.0
1	81	6.0
1	87	3.0
1	88	19.0
1	110	2.0
1	113	2.0
1	116	13.0
1	127	8.0
1	140	6.0
1	155	2.0
1	175	3.0
1	183	2.0
2	2	20.0
2	5	1.0
2	6	1.0
2	11	1.0
2	12	3.0
2	14	231.0
2	15	280.0
2	16	1.0
2	17	1.0
2	18	1.0
2	19	1.0
2	20	1.0
2	21	1.0
2	37	2.0
2	48	70.0
2	54	1.0
2	59	106.0
2	69	1.0
2	83	16.0
2	84	3.0
2	110	1.0
2	117	2.0
2	121	8.0
2	130	3.0
2	136	3.0
2	137	4.0
2	145	2.0
2	160	3.0
3	3	40.0
3	12	1.0
3	33	2.0
3	36	1.0
3	38	1.0
3	39	1.0
3	40	1.0
3	43	1.0
3	46	175.0
3	47	1.0
3	49	2.0
3	50	1.0
3	53	1.0
3	55	1.0
3	56	111.0
3	57	1.0
3	58	1.0
3	60	3.0
3	61	27.0
3	63	2.0
3	67	3.0
3	70	1.0
3	71	1.0
3	73	33.0
3	74	31.0
3	75	1.0
3	76	3.0
3	85	17.0
3	89	1.0
3	91	17.0
3	95	3.0
3	96	3.0
3	97	4.0
3	98	1.0
3	103	13.0
3	104	3.0
3	105	6.0
3	107	8.0
3	108	5.0
3	114	7.0
3	118	4.0
3	120	8.0
3	122	8.0
3	131	6.0
3	141	1.0
3	146	2.0
3	147	1.0
3	148	2.0
3	176	2.0
3	177	2.0
3	178	2.0
3	184	2.0
4	0	1.0
4	4	38.0
4	12	1.0
4	15	1.0
4	41	206.0
4	42	1.0
4	44	1.0
4	77	2.0
4	80	1.0
4	81	1.0
4	86	1.0
4	90	30.0
4	93	4.0
4	94	5.0
4	99	7.0
4	109	4.0
4	110	1.0
4	111	3.0
4	112	1.0
4	119	10.0
4	123	2.0
4	128	8.0
4	129	8.0
4	142	3.0
4	149	3.0
4	150	2.0
4	151	3.0
4	152	3.0
4	153	2.0
4	154	2.0
4	163	2.0
4	164	3.0
4	165	3.0
4	166	2.0
4	179	2.0
4	180	2.0
4	181	2.0
5	2	1.0
5	6	1.0
5	11	1.0
5	14	153.0
5	15	132.0
5	16	1.0
5	17	1.0
5	18	1.0
5	19	1.0
5	20	1.0
5	21	1.0
6	2	1.0
6	5	1.0
6	11	1.0
6	14	174.0
6	15	108.0
6	16	1.0
6	17	1.0
6	18	1.0
6	19	1.0
6	20	1.0
6	21	1.0
7	0	1.0
7	8	250.0
7	9	1.0
7	10	1.0
7	12	1.0
8	0	400.0
8	1	2.0
8	7	250.0
8	8	31106.0
8	9	230.0
8	10	229.0
8	12	318.0
8	15	52.0
8	23	1.0
8	25	1.0
8	26	40.0
8	28	59.0
8	35	1.0
8	45	1.0
8	47	4.0
8	51	15.0
8	62	2.0
8	66	8.0
8	68	81.0
8	72	10.0
8	78	10.0
8	81	10.0
8	100	1.0
8	101	10.0
8	102	4.0
8	106	1.0
8	124	1.0
8	133	1.0
8	138	1.0
9	0	1.0
9	7	1.0
9	8	230.0
9	10	1.0
9	15	1.0
9	68	1.0
10	0	1.0
10	7	1.0
10	8	229.0
10	9	1.0
10	12	1.0
10	15	1.0
11	2	1.0
11	5	1.0
11	6	1.0
11	14	217.0
11	15	11.0
11	16	1.0
11	17	1.0
11	18	1.0
12	0	293.0
12	2	3.0
12	3	1.0
12	4	1.0
12	7	1.0
12	8	318.0
12	10	1.0
12	12	15196.0
12	13	205.0
12	15	1.0
12	25	50.0
12	26	408.0
12	35	82.0
12	45	63.0
12	46	1.0
12	47	1.0
12	52	1.0
12	62	1.0
12	64	41.0
12	65	1.0
12	66	11.0
12	68	15.0
12	79	26.0
12	81	4.0
12	82	1.0
12	96	1.0
12	100	1.0
12	101	2.0
12	102	1.0
12	106	4.0
12	111	5.0
12	112	1.0
12	115	1.0
12	120	3.0
12	132	1.0
12	139	2.0
12	143	2.0
12	144	3.0
12	157	1.0
12	170	2.0
12	171	1.0
12	172	2.0
12	173	1.0
12	174	1.0
12	182	2.0
13	0	1.0
13	12	205.0
13	13	12.0
13	111	1.0
13	112	1.0
13	125	9.0
13	144	3.0
13	172	2.0
13	173	2.0
13	174	2.0
14	2	231.0
14	5	153.0
14	6	174.0
14	11	217.0
14	14	30754.0
14	15	364.0
14	16	201.0
14	17	203.0
14	18	203.0
14	19	2.0
14	20	2.0
14	37	3.0
14	83	12.0
14	160	1.0
15	0	3.0
15	2	280.0
15	4	1.0
15	5	132.0
15	6	108.0
15	8	52.0
15	9	1.0
15	10	1.0
15	11	11.0
15	12	1.0
15	14	364.0
15	15	18700.0
15	16	15.0
15	17	12.0
15	18	1.0
15	19	168.0
15	20	180.0
15	21	179.0
15	28	2.0
15	37	20.0
15	41	19.0
15	42	1.0
15	48	277.0
15	54	5.0
15	59	106.0
15	68	2.0
15	69	1.0
15	78	1.0
15	81	1.0
15	83	41.0
15	84	1.0
15	101	1.0
15	121	1.0
15	136	3.0
15	150	1.0
16	2	1.0
16	5	1.0
16	6	1.0
16	11	1.0
16	14	201.0
16	15	15.0
16	17	1.0
16	18	1.0
17	2	1.0
17	5	1.0
17	6	1.0
17	11	1.0
17	14	203.0
17	15	12.0
17	16	1.0
17	18	1.0
18	2	1.0
18	5	1.0
18	6	1.0
18	11	1.0
18	14	203.0
18	15	1.0
18	16	1.0
18	17	1.0
19	2	1.0
19	5	1.0
19	6	1.0
19	14	2.0
19	15	168.0
19	20	1.0
19	21	1.0
19	37	1.0
19	54	1.0
19	59	27.0
19	69	1.0
20	2	1.0
20	5	1.0
20	6	1.0
20	14	2.0
20	15	180.0
20	19	1.0
20	21	1.0
20	48	1.0
21	2	1.0
21	5	1.0
21	6	1.0
21	15	179.0
21	19	1.0
21	20	1.0
22	22	12.0
22	40	161.0
22	126	1.0
22	158	3.0
22	159	3.0
23	1	225.0
23	8	1.0
23	23	10942.0
23	24	129.0
23	28	62.0
23	30	2.0
23	88	1.0
23	113	1.0
24	1	1.0
24	23	129.0
24	28	1.0
25	0	1.0
25	8	1.0
25	12	50.0
25	26	66.0
25	35	1.0
25	45	1.0
25	66	9.0
25	143	1.0
26	0	173.0
26	8	40.0
26	12	408.0
26	25	66.0
26	26	8370.0
26	35	4.0
26	45	3.0
26	66	1.0
26	68	3.0
27	1	1.0
27	28	116.0
27	29	1.0
27	30	2.0
27	31	1.0
27	32	1.0
28	0	7.0
28	1	476.0
28	8	59.0
28	15	2.0
28	23	62.0
28	24	1.0
28	27	116.0
28	28	14130.0
28	29	110.0
28	30	344.0
28	31	107.0
28	32	107.0
28	34	98.0
28	51	30.0
28	62	1.0
28	66	8.0
28	68	9.0
28	72	15.0
28	78	1.0
28	81	6.0
28	87	26.0
28	88	6.0
28	110	1.0
28	113	1.0
28	116	1.0
28	132	1.0
28	133	1.0
29	1	1.0
29	27	1.0
29	28	110.0
29	30	2.0
29	31	1.0
29	32	1.0
30	1	7.0
30	23	2.0
30	27	2.0
30	28	344.0
30	29	2.0
30	30	18.0
30	31	3.0
30	32	2.0
30	34	2.0
31	1	1.0
31	27	1.0
31	28	107.0
31	29	1.0
31	30	3.0
31	32	1.0
31	34	1.0
32	1	1.0
32	27	1.0
32	28	107.0
32	29	1.0
32	30	2.0
32	31	1.0
33	3	2.0
33	33	2.0
33	36	1.0
33	38	1.0
33	43	1.0
33	46	74.0
33	47	1.0
33	49	1.0
33	53	1.0
33	56	1.0
33	63	1.0
33	76	1.0
33	85	1.0
33	98	1.0
33	103	12.0
33	131	6.0
33	176	2.0
33	177	2.0
34	1	1.0
34	28	98.0
34	30	2.0
34	31	1.0
35	0	1.0
35	8	1.0
35	12	82.0
35	25	1.0
35	26	4.0
35	45	1.0
36	3	1.0
36	33	1.0
36	38	1.0
36	39	1.0
36	43	1.0
36	46	78.0
36	49	1.0
36	50	1.0
36	53	1.0
37	2	2.0
37	14	3.0
37	15	20.0
37	19	1.0
37	37	2.0
37	54	1.0
37	59	51.0
37	69	1.0
37	84	3.0
37	137	4.0
38	3	1.0
38	33	1.0
38	36	1.0
38	39	1.0
38	43	1.0
38	46	74.0
38	49	1.0
38	50	1.0
38	53	1.0
38	75	1.0
39	3	1.0
39	36	1.0
39	38	1.0
39	43	1.0
39	46	76.0
39	49	1.0
39	50	1.0
39	53	1.0
40	1	1.0
40	3	1.0
40	22	161.0
40	40	3478.0
40	46	4.0
40	126	9.0
40	134	4.0
40	135	4.0
40	158	3.0
40	159	1.0
41	4	206.0
41	15	19.0
41	41	3910.0
41	42	73.0
41	44	71.0
41	81	5.0
41	93	5.0
41	94	1.0
41	110	1.0
41	111	3.0
41	119	1.0
41	150	2.0
41	151	1.0
41	154	1.0
41	163	1.0
41	166	1.0
42	4	1.0
42	15	1.0
42	41	73.0
42	44	1.0
43	3	1.0
43	33	1.0
43	36	1.0
43	38	1.0
43	39	1.0
43	46	55.0
43	49	1.0
43	50	1.0
43	53	1.0
43	56	7.0
43	61	5.0
43	96	1.0
44	4	1.0
44	41	71.0
44	42	1.0
45	0	1.0
45	8	1.0
45	12	63.0
45	25	1.0
45	26	3.0
45	35	1.0
46	3	175.0
46	12	1.0
46	33	74.0
46	36	78.0
46	38	74.0
46	39	76.0
46	40	4.0
46	43	55.0
46	46	3258.0
46	47	29.0
46	49	57.0
46	50	55.0
46	53	49.0
46	56	20.0
46	60	4.0
46	61	1.0
46	67	4.0
46	70	3.0
46	73	21.0
46	74	35.0
46	75	3.0
46	89	1.0
46	91	17.0
46	96	3.0
46	108	1.0
46	120	7.0
46	135	1.0
47	0	1.0
47	3	1.0
47	8	4.0
47	12	1.0
47	33	1.0
47	46	29.0
47	49	1.0
47	61	1.0
47	62	1.0
47	68	24.0
47	78	1.0
47	124	1.0
48	2	70.0
48	15	277.0
48	20	1.0
48	48	2658.0
48	54	1.0
48	59	14.0
49	3	2.0
49	33	1.0
49	36	1.0
49	38	1.0
49	39	1.0
49	43	1.0
49	46	57.0
49	47	1.0
49	49	2.0
49	53	1.0
50	3	1.0
50	36	1.0
50	38	1.0
50	39	1.0
50	43	1.0
50	46	55.0
50	53	1.0
51	0	3.0
51	1	1.0
51	8	15.0
51	28	30.0
51	51	6.0
51	66	1.0
51	68	7.0
51	72	1.0
51	78	1.0
51	101	1.0
51	124	1.0
51	133	3.0
52	12	1.0
52	52	24.0
52	92	36.0
52	115	1.0
52	139	3.0
52	161	4.0
52	162	3.0
52	185	2.0
52	186	2.0
53	3	1.0
53	33	1.0
53	36	1.0
53	38	1.0
53	39	1.0
53	43	1.0
53	46	49.0
53	49	1.0
53	50	1.0
54	2	1.0
54	15	5.0
54	19	1.0
54	37	1.0
54	48	1.0
54	59	43.0
54	117	1.0
54	121	1.0
55	3	1.0
55	56	45.0
55	57	1.0
55	58	1.0
55	61	1.0
56	3	111.0
56	33	1.0
56	43	7.0
56	46	20.0
56	55	45.0
56	56	1544.0
56	57	42.0
56	58	38.0
56	60	3.0
56	61	125.0
56	63	36.0
56	70	1.0
56	71	12.0
56	73	4.0
56	74	15.0
56	75	1.0
56	76	1.0
56	85	20.0
56	95	1.0
56	96	3.0
56	104	1.0
56	105	2.0
56	108	1.0
56	120	5.0
56	146	2.0
56	148	1.0
57	3	1.0
57	55	1.0
57	56	42.0
57	58	1.0
57	61	1.0
57	63	1.0
57	71	1.0
58	3	1.0
58	55	1.0
58	56	38.0
58	57	1.0
58	61	4.0
58	63	1.0
58	71	1.0
59	2	106.0
59	15	106.0
59	19	27.0
59	37	51.0
59	48	14.0
59	54	43.0
59	59	1562.0
59	69	33.0
59	84	14.0
59	117	1.0
59	121	4.0
59	130	2.0
59	136	2.0
59	137	3.0
59	145	2.0
60	3	3.0
60	46	4.0
60	56	3.0
60	60	4.0
60	67	1.0
60	70	1.0
60	73	9.0
60	74	25.0
60	75	1.0
60	76	1.0
61	3	27.0
61	43	5.0
61	46	1.0
61	47	1.0
61	55	1.0
61	56	125.0
61	57	1.0
61	58	4.0
61	61	362.0
61	63	3.0
61	71	22.0
61	73	3.0
61	96	2.0
61	104	1.0
62	0	1.0
62	8	2.0
62	12	1.0
62	28	1.0
62	47	1.0
62	68	36.0
62	72	1.0
63	3	2.0
63	33	1.0
63	56	36.0
63	57	1.0
63	58	1.0
63	61	3.0
63	63	2.0
64	12	41.0
65	0	1.0
65	12	1.0
65	66	35.0
65	102	1.0
66	0	39.0
66	1	1.0
66	8	8.0
66	12	11.0
66	25	9.0
66	26	1.0
66	28	8.0
66	51	1.0
66	65	35.0
66	66	982.0
66	68	7.0
66	78	1.0
66	100	2.0
66	101	1.0
66	102	1.0
66	106	1.0
66	132	1.0
67	3	3.0
67	46	4.0
67	60	1.0
67	67	6.0
67	70	1.0
67	73	5.0
67	74	28.0
67	75	2.0
68	0	50.0
68	8	81.0
68	9	1.0
68	12	15.0
68	15	2.0
68	26	3.0
68	28	9.0
68	47	24.0
68	51	7.0
68	62	36.0
68	66	7.0
68	68	720.0
68	72	5.0
68	78	9.0
68	81	1.0
68	100	1.0
68	101	2.0
68	102	1.0
68	124	2.0
68	132	1.0
68	133	3.0
69	2	1.0
69	15	1.0
69	19	1.0
69	37	1.0
69	59	33.0
70	3	1.0
70	46	3.0
70	56	1.0
70	60	1.0
70	67	1.0
70	73	5.0
70	74	24.0
70	75	1.0
71	3	1.0
71	56	12.0
71	57	1.0
71	58	1.0
71	61	22.0
72	0	1.0
72	1	1.0
72	8	10.0
72	28	15.0
72	51	1.0
72	62	1.0
72	68	5.0
73	3	33.0
73	46	21.0
73	56	4.0
73	60	9.0
73	61	3.0
73	67	5.0
73	70	5.0
73	73	378.0
73	74	32.0
73	75	3.0
73	76	3.0
73	85	2.0
73	122	2.0
73	148	2.0
74	3	31.0
74	46	35.0
74	56	15.0
74	60	25.0
74	67	28.0
74	70	24.0
74	73	32.0
74	74	370.0
74	75	19.0
74	122	1.0
74	178	1.0
75	3	1.0
75	38	1.0
75	46	3.0
75	56	1.0
75	60	1.0
75	67	2.0
75	70	1.0
75	73	3.0
75	74	19.0
75	76	1.0
76	3	3.0
76	33	1.0
76	56	1.0
76	60	1.0
76	73	3.0
76	75	1.0
76	76	4.0
76	85	11.0
76	108	3.0
76	114	2.0
76	122	5.0
77	4	2.0
77	77	2.0
77	80	1.0
77	86	1.0
77	90	20.0
77	153	2.0
78	0	2.0
78	8	10.0
78	15	1.0
78	28	1.0
78	47	1.0
78	51	1.0
78	66	1.0
78	68	9.0
78	78	2.0
78	101	2.0
79	12	26.0
79	79	474.0
79	82	23.0
80	4	1.0
80	77	1.0
80	86	1.0
80	90	20.0
80	123	1.0
81	0	5.0
81	1	6.0
81	4	1.0
81	8	10.0
81	12	4.0
81	15	1.0
81	28	6.0
81	41	5.0
81	68	1.0
81	81	32.0
81	110	3.0
81	124	2.0
81	155	2.0
81	167	1.0
82	12	1.0
82	79	23.0
83	2	16.0
83	14	12.0
83	15	41.0
83	83	192.0
84	2	3.0
84	15	1.0
84	37	3.0
84	59	14.0
84	84	6.0
84	137	4.0
85	3	17.0
85	33	1.0
85	56	20.0
85	73	2.0
85	76	11.0
85	85	196.0
86	4	1.0
86	77	1.0
86	80	1.0
86	90	15.0
86	142	1.0
86	153	2.0
87	1	3.0
87	28	26.0
87	87	6.0
88	1	19.0
88	23	1.0
88	28	6.0
88	88	272.0
89	3	1.0
89	46	1.0
89	91	17.0
89	97	1.0
90	4	30.0
90	77	20.0
90	80	20.0
90	86	15.0
90	90	232.0
90	93	2.0
90	94	1.0
90	99	1.0
90	123	1.0
90	129	2.0
90	152	3.0
91	3	17.0
91	46	17.0
91	89	17.0
91	91	186.0
92	52	36.0
92	92	226.0
92	115	7.0
92	139	2.0
92	162	2.0
93	4	4.0
93	41	5.0
93	90	2.0
93	93	6.0
93	94	1.0
93	99	1.0
93	109	1.0
93	123	1.0
93	128	2.0
93	151	2.0
94	4	5.0
94	41	1.0
94	90	1.0
94	93	1.0
94	94	12.0
94	99	14.0
94	109	5.0
95	3	3.0
95	56	1.0
95	95	6.0
95	97	3.0
95	104	2.0
95	105	7.0
95	107	2.0
95	118	2.0
95	141	2.0
96	3	3.0
96	12	1.0
96	43	1.0
96	46	3.0
96	56	3.0
96	61	2.0
96	96	6.0
96	146	2.0
96	147	2.0
97	3	4.0
97	89	1.0
97	95	3.0
97	97	10.0
97	104	4.0
97	105	4.0
97	107	6.0
97	118	4.0
97	141	1.0
98	3	1.0
98	33	1.0
98	103	13.0
98	131	1.0
99	4	7.0
99	90	1.0
99	93	1.0
99	94	14.0
99	99	34.0
99	109	11.0
100	0	1.0
100	8	1.0
100	12	1.0
100	66	2.0
100	68	1.0
100	102	7.0
100	106	2.0
101	0	12.0
101	8	10.0
101	12	2.0
101	15	1.0
101	51	1.0
101	66	1.0
101	68	2.0
101	78	2.0
101	101	88.0
101	102	2.0
101	106	1.0
102	0	9.0
102	8	4.0
102	12	1.0
102	65	1.0
102	66	1.0
102	68	1.0
102	100	7.0
102	101	2.0
102	102	54.0
102	106	9.0
103	3	13.0
103	33	12.0
103	98	13.0
103	103	142.0
104	3	3.0
104	56	1.0
104	61	1.0
104	95	2.0
104	97	4.0
104	104	6.0
104	105	4.0
104	107	3.0
104	118	6.0
104	141	1.0
105	3	6.0
105	56	2.0
105	95	7.0
105	97	4.0
105	104	4.0
105	105	18.0
105	107	6.0
105	118	4.0
105	141	1.0
106	0	2.0
106	8	1.0
106	12	4.0
106	66	1.0
106	100	2.0
106	101	1.0
106	102	9.0
106	106	2.0
106	143	1.0
107	3	8.0
107	95	2.0
107	97	6.0
107	104	3.0
107	105	6.0
107	107	32.0
107	118	9.0
108	3	5.0
108	46	1.0
108	56	1.0
108	76	3.0
108	108	16.0
108	114	14.0
109	4	4.0
109	93	1.0
109	94	5.0
109	99	11.0
109	109	12.0
110	0	1.0
110	1	2.0
110	2	1.0
110	4	1.0
110	28	1.0
110	41	1.0
110	81	3.0
110	110	2.0
110	155	2.0
111	4	3.0
111	12	5.0
111	13	1.0
111	41	3.0
111	111	6.0
111	112	1.0
111	144	1.0
112	4	1.0
112	12	1.0
112	13	1.0
112	111	1.0
112	125	8.0
113	1	2.0
113	23	1.0
113	28	1.0
113	113	2.0
113	116	8.0
113	127	1.0
114	3	7.0
114	76	2.0
114	108	14.0
114	114	30.0
115	12	1.0
115	52	1.0
115	92	7.0
115	139	2.0
116	1	13.0
116	28	1.0
116	113	8.0
116	116	78.0
117	2	2.0
117	54	1.0
117	59	1.0
117	117	2.0
117	121	8.0
118	3	4.0
118	95	2.0
118	97	4.0
118	104	6.0
118	105	4.0
118	107	9.0
118	118	10.0
119	4	10.0
119	41	1.0
119	119	78.0
120	3	8.0
120	12	3.0
120	46	7.0
120	56	5.0
120	120	36.0
121	2	8.0
121	15	1.0
121	54	1.0
121	59	4.0
121	117	8.0
121	121	40.0
122	3	8.0
122	73	2.0
122	74	1.0
122	76	5.0
122	122	32.0
123	4	2.0
123	80	1.0
123	90	1.0
123	93	1.0
123	123	2.0
123	154	2.0
123	164	2.0
124	0	1.0
124	8	1.0
124	47	1.0
124	51	1.0
124	68	2.0
124	81	2.0
124	133	1.0
125	13	9.0
125	112	8.0
125	125	46.0
126	22	1.0
126	40	9.0
126	126	48.0
127	1	8.0
127	113	1.0
127	127	54.0
128	4	8.0
128	93	2.0
128	128	38.0
129	4	8.0
129	90	2.0
129	129	36.0
130	2	3.0
130	59	2.0
130	130	6.0
130	136	1.0
130	145	3.0
131	3	6.0
131	33	6.0
131	98	1.0
131	131	30.0
132	0	3.0
132	12	1.0
132	28	1.0
132	66	1.0
132	68	1.0
132	132	4.0
132	171	1.0
133	0	3.0
133	8	1.0
133	28	1.0
133	51	3.0
133	68	3.0
133	124	1.0
133	133	6.0
134	40	4.0
134	134	10.0
134	135	8.0
135	40	4.0
135	46	1.0
135	134	8.0
135	135	12.0
136	2	3.0
136	15	3.0
136	59	2.0
136	130	1.0
136	136	6.0
137	2	4.0
137	37	4.0
137	59	3.0
137	84	4.0
137	137	10.0
138	0	1.0
138	8	1.0
138	156	2.0
138	168	2.0
139	12	2.0
139	52	3.0
139	92	2.0
139	115	2.0
139	139	4.0
140	1	6.0
140	140	28.0
141	3	1.0
141	95	2.0
141	97	1.0
141	104	1.0
141	105	1.0
142	4	3.0
142	86	1.0
142	142	4.0
142	149	1.0
143	0	1.0
143	12	2.0
143	25	1.0
143	106	1.0
144	12	3.0
144	13	3.0
144	111	1.0
144	144	6.0
145	2	2.0
145	59	2.0
145	130	3.0
145	145	2.0
146	3	2.0
146	56	2.0
146	96	2.0
146	146	2.0
146	147	2.0
147	3	1.0
147	96	2.0
147	146	2.0
148	3	2.0
148	56	1.0
148	73	2.0
148	148	2.0
149	4	3.0
149	142	1.0
149	149	4.0
150	4	2.0
150	15	1.0
150	41	2.0
150	150	2.0
151	4	3.0
151	41	1.0
151	93	2.0
151	151	4.0
152	4	3.0
152	90	3.0
152	152	4.0
153	4	2.0
153	77	2.0
153	86	2.0
153	153	2.0
154	4	2.0
154	41	1.0
154	123	2.0
154	154	2.0
155	1	2.0
155	81	2.0
155	110	2.0
155	155	2.0
156	0	3.0
156	138	2.0
156	156	6.0
157	0	1.0
157	12	1.0
157	169	2.0
158	22	3.0
158	40	3.0
158	158	6.0
159	22	3.0
159	40	1.0
159	159	4.0
160	2	3.0
160	14	1.0
160	160	6.0
161	52	4.0
161	161	12.0
162	52	3.0
162	92	2.0
162	162	4.0
163	4	2.0
163	41	1.0
163	163	2.0
164	4	3.0
164	123	2.0
164	164	4.0
165	4	3.0
165	165	4.0
166	4	2.0
166	41	1.0
166	166	2.0
167	0	2.0
167	81	1.0
167	167	2.0
168	0	2.0
168	138	2.0
168	168	2.0
169	0	2.0
169	157	2.0
169	169	2.0
170	0	2.0
170	12	2.0
170	170	2.0
171	0	2.0
171	12	1.0
171	132	1.0
171	171	2.0
172	12	2.0
172	13	2.0
172	172	2.0
173	12	1.0
173	13	2.0
173	173	2.0
174	12	1.0
174	13	2.0
174	174	2.0
175	1	3.0
175	175	6.0
176	3	2.0
176	33	2.0
176	176	2.0
177	3	2.0
177	33	2.0
177	177	2.0
178	3	2.0
178	74	1.0
178	178	2.0
179	4	2.0
179	179	2.0
180	4	2.0
180	180	2.0
181	4	2.0
181	181	2.0
182	12	2.0
182	182	2.0
183	1	2.0
183	183	2.0
184	3	2.0
184	184	2.0
185	52	2.0
185	185	2.0
186	52	2.0
186	186	2.0
